0 0.04927884615384615 0.003605769230769231 0.06490384615384616 0.007211538461538462
0 0.31971153846153844 0.030048076923076924 0.07692307692307693 0.06009615384615385
0 0.42427884615384615 0.037259615384615384 0.06971153846153846 0.07451923076923077
0 0.5865384615384616 0.15865384615384615 0.08653846153846154 0.15384615384615385
0 0.5432692307692307 0.2127403846153846 0.10096153846153846 0.1778846153846154
0 0.9375 0.3088942307692308 0.10096153846153846 0.17548076923076922
0 0.828125 0.1622596153846154 0.0889423076923077 0.15625
0 0.7776442307692307 0.43509615384615385 0.11538461538461539 0.19230769230769232
0 0.6850961538461539 0.09975961538461539 0.09615384615384616 0.17307692307692307
0 0.1201923076923077 0.6310096153846154 0.2403846153846154 0.4543269230769231
0 0.25841346153846156 0.1141826923076923 0.10096153846153846 0.17067307692307693
0 0.34615384615384615 0.11899038461538461 0.10576923076923077 0.20432692307692307
0 0.4795673076923077 0.38100961538461536 0.11538461538461539 0.21875