0 0.2283653846153846 0.08533653846153846 0.0889423076923077 0.10096153846153846
0 0.3317307692307692 0.0733173076923077 0.08413461538461539 0.11057692307692307
0 0.5192307692307693 0.17307692307692307 0.10576923076923077 0.16105769230769232
0 0.4891826923076923 0.234375 0.12259615384615384 0.18990384615384615
0 0.8942307692307693 0.24639423076923078 0.125 0.1875
0 0.7572115384615384 0.12620192307692307 0.11057692307692307 0.1658653846153846
0 0.7644230769230769 0.4050480769230769 0.14182692307692307 0.20432692307692307
0 0.6033653846153846 0.09495192307692307 0.1201923076923077 0.18509615384615385
0 0.15384615384615385 0.7355769230769231 0.3076923076923077 0.4807692307692308
0 0.18629807692307693 0.1971153846153846 0.125 0.18269230769230768
0 0.27403846153846156 0.18509615384615385 0.13221153846153846 0.21634615384615385
0 0.46153846153846156 0.41225961538461536 0.14423076923076922 0.23076923076923078