0 0.051682692307692304 0.025240384615384616 0.07091346153846154 0.05048076923076923
0 0.31850961538461536 0.046875 0.0733173076923077 0.09014423076923077
0 0.41947115384615385 0.054086538461538464 0.06490384615384616 0.09975961538461539
0 0.5805288461538461 0.1814903846153846 0.078125 0.14543269230769232
0 0.5408653846153846 0.234375 0.09014423076923077 0.16826923076923078
0 0.9254807692307693 0.3137019230769231 0.09254807692307693 0.16706730769230768
0 0.8137019230769231 0.17548076923076922 0.08173076923076923 0.14783653846153846
0 0.7740384615384616 0.4411057692307692 0.10697115384615384 0.1814903846153846
0 0.6730769230769231 0.1201923076923077 0.08774038461538461 0.16466346153846154
0 0.12740384615384615 0.6538461538461539 0.25 0.43149038461538464
0 0.2608173076923077 0.14783653846153846 0.09375 0.16346153846153846
0 0.34615384615384615 0.1502403846153846 0.09495192307692307 0.19471153846153846
0 0.4855769230769231 0.39903846153846156 0.1045673076923077 0.20673076923076922