0 0.90625 0.5348557692307693 0.1875 0.33413461538461536
0 0.8076923076923077 0.6057692307692307 0.18509615384615385 0.29086538461538464
0 0.9170673076923077 0.29086538461538464 0.1658653846153846 0.25
0 0.7800480769230769 0.21153846153846154 0.1658653846153846 0.24759615384615385
0 0.6153846153846154 0.5637019230769231 0.1971153846153846 0.28846153846153844
0 0.5456730769230769 0.45913461538461536 0.16826923076923078 0.2620192307692308
0 0.5276442307692307 0.18028846153846154 0.14182692307692307 0.22596153846153846
0 0.4519230769230769 0.16105769230769232 0.12259615384615384 0.17548076923076922
0 0.35336538461538464 0.5072115384615384 0.18028846153846154 0.2620192307692308
0 0.3713942307692308 0.13581730769230768 0.11778846153846154 0.18028846153846154
0 0.25240384615384615 0.11057692307692307 0.14903846153846154 0.22115384615384615
0 0.12139423076923077 0.10216346153846154 0.15625 0.20432692307692307
0 0.15745192307692307 0.40625 0.17067307692307693 0.24278846153846154