0 0.90625 0.5540865384615384 0.1875 0.3485576923076923
0 0.8076923076923077 0.6310096153846154 0.19230769230769232 0.30528846153846156
0 0.9170673076923077 0.29927884615384615 0.1658653846153846 0.2620192307692308
0 0.7788461538461539 0.21634615384615385 0.17548076923076922 0.25961538461538464
0 0.6057692307692307 0.5877403846153846 0.20673076923076922 0.30288461538461536
0 0.53125 0.47836538461538464 0.1778846153846154 0.2764423076923077
0 0.5132211538461539 0.18509615384615385 0.14903846153846154 0.23557692307692307
0 0.4326923076923077 0.16466346153846154 0.12740384615384615 0.18269230769230768
0 0.33052884615384615 0.5264423076923077 0.18990384615384615 0.2764423076923077
0 0.34975961538461536 0.13701923076923078 0.12259615384615384 0.18990384615384615
0 0.2247596153846154 0.11298076923076923 0.15625 0.22596153846153846
0 0.1045673076923077 0.10576923076923077 0.12740384615384615 0.21153846153846154
0 0.12379807692307693 0.421875 0.18028846153846154 0.2548076923076923