0 0.9110576923076923 0.47716346153846156 0.16706730769230768 0.30649038461538464
0 0.8125 0.5625 0.13942307692307693 0.2668269230769231
0 0.8798076923076923 0.2403846153846154 0.15384615384615385 0.22235576923076922
0 0.7247596153846154 0.18509615384615385 0.12980769230769232 0.22596153846153846
0 0.6201923076923077 0.5516826923076923 0.15384615384615385 0.2608173076923077
0 0.5348557692307693 0.46153846153846156 0.12860576923076922 0.2403846153846154
0 0.47596153846153844 0.19471153846153846 0.10817307692307693 0.20673076923076922
0 0.39903846153846156 0.1875 0.09615384615384616 0.15865384615384615
0 0.35697115384615385 0.5360576923076923 0.140625 0.23798076923076922
0 0.3173076923076923 0.17427884615384615 0.09134615384615384 0.16466346153846154
0 0.20072115384615385 0.16826923076923078 0.11538461538461539 0.20432692307692307
0 0.0673076923076923 0.1658653846153846 0.12379807692307693 0.21754807692307693
0 0.15264423076923078 0.4699519230769231 0.13581730769230768 0.21875