0 0.8918269230769231 0.0829326923076923 0.11538461538461539 0.1658653846153846
0 0.03245192307692308 0.16826923076923078 0.06490384615384616 0.1971153846153846
0 0.4723557692307692 0.2127403846153846 0.11298076923076923 0.21634615384615385
0 0.0733173076923077 0.3173076923076923 0.12259615384615384 0.21394230769230768
0 0.640625 0.2692307692307692 0.125 0.23076923076923078
0 0.2608173076923077 0.3245192307692308 0.1346153846153846 0.22355769230769232
0 0.9507211538461539 0.41947115384615385 0.0985576923076923 0.2620192307692308
0 0.16105769230769232 0.6358173076923077 0.10096153846153846 0.2091346153846154
0 0.5444711538461539 0.6129807692307693 0.12740384615384615 0.24519230769230768
0 0.12860576923076922 0.7259615384615384 0.125 0.23557692307692307
0 0.6153846153846154 0.7163461538461539 0.1466346153846154 0.2548076923076923
0 0.0733173076923077 0.8509615384615384 0.10336538461538461 0.2692307692307692
0 0.20552884615384615 0.07572115384615384 0.09615384615384616 0.10336538461538461
0 0.4567307692307692 0.052884615384615384 0.10576923076923077 0.10576923076923077
0 0.6310096153846154 0.046875 0.0985576923076923 0.09375
0 0.421875 0.8858173076923077 0.13942307692307693 0.22596153846153846
0 0.734375 0.04326923076923077 0.10336538461538461 0.08653846153846154