0 0.11177884615384616 0.11177884615384616 0.10817307692307693 0.22355769230769232
0 0.5709134615384616 0.24519230769230768 0.10576923076923077 0.22355769230769232
0 0.9723557692307693 0.32572115384615385 0.055288461538461536 0.21875
0 0.39663461538461536 0.3173076923076923 0.11778846153846154 0.2403846153846154
0 0.8064903846153846 0.3485576923076923 0.12740384615384615 0.23076923076923078
0 0.06129807692307692 0.4987980769230769 0.12259615384615384 0.2764423076923077
0 0.9326923076923077 0.671875 0.09375 0.21875
0 0.5252403846153846 0.6754807692307693 0.1201923076923077 0.2548076923076923
0 0.9567307692307693 0.7632211538461539 0.07692307692307693 0.24278846153846154
0 0.4579326923076923 0.7908653846153846 0.13942307692307693 0.2620192307692308
0 0.8461538461538461 0.07091346153846154 0.0985576923076923 0.1201923076923077
0 0.578125 0.06490384615384616 0.10817307692307693 0.12740384615384615
0 0.390625 0.06370192307692307 0.0985576923076923 0.12740384615384615
0 0.6754807692307693 0.9182692307692307 0.12980769230769232 0.16346153846153846
0 0.28125 0.06370192307692307 0.10096153846153846 0.12740384615384615