0 0.03365384615384615 0.14543269230769232 0.052884615384615384 0.11778846153846154
0 0.8954326923076923 0.15264423076923078 0.08653846153846154 0.21754807692307693
0 0.06971153846153846 0.18389423076923078 0.09014423076923077 0.17307692307692307
0 0.49278846153846156 0.26802884615384615 0.08533653846153846 0.19110576923076922
0 0.11538461538461539 0.32572115384615385 0.09375 0.18990384615384615
0 0.6418269230769231 0.33653846153846156 0.09615384615384616 0.20552884615384615
0 0.2860576923076923 0.35096153846153844 0.1045673076923077 0.19831730769230768
0 0.8245192307692307 0.036057692307692304 0.055288461538461536 0.06129807692307692
0 0.9314903846153846 0.5048076923076923 0.10096153846153846 0.23677884615384615
0 0.16466346153846154 0.6274038461538461 0.07451923076923077 0.1875
0 0.5192307692307693 0.6430288461538461 0.09615384615384616 0.21754807692307693
0 0.12620192307692307 0.7079326923076923 0.09375 0.2091346153846154
0 0.5757211538461539 0.7463942307692307 0.11298076923076923 0.2247596153846154
0 0.05048076923076923 0.8161057692307693 0.09615384615384616 0.24278846153846154
0 0.25961538461538464 0.0829326923076923 0.08173076923076923 0.15264423076923078
0 0.49278846153846156 0.08653846153846154 0.09014423076923077 0.15504807692307693
0 0.65625 0.08774038461538461 0.0829326923076923 0.1658653846153846
0 0.38100961538461536 0.8822115384615384 0.109375 0.19951923076923078
0 0.7524038461538461 0.09254807692307693 0.08533653846153846 0.16346153846153846