0 0.45913461538461536 0.140625 0.11778846153846154 0.19230769230769232
0 0.20673076923076922 0.10096153846153846 0.0985576923076923 0.15625
0 0.6887019230769231 0.22956730769230768 0.06971153846153846 0.11298076923076923
0 0.7307692307692307 0.25961538461538464 0.1201923076923077 0.19951923076923078
0 0.9110576923076923 0.3329326923076923 0.13701923076923078 0.20432692307692307
0 0.24278846153846154 0.24879807692307693 0.11778846153846154 0.21394230769230768
0 0.39663461538461536 0.30649038461538464 0.10336538461538461 0.1778846153846154
0 0.49759615384615385 0.38221153846153844 0.21634615384615385 0.34375
0 0.31971153846153844 0.44711538461538464 0.13221153846153846 0.23798076923076922
0 0.42908653846153844 0.036057692307692304 0.055288461538461536 0.07211538461538461
0 0.6899038461538461 0.7103365384615384 0.1658653846153846 0.27884615384615385
0 0.5793269230769231 0.0733173076923077 0.052884615384615384 0.09375
0 0.0829326923076923 0.6935096153846154 0.13221153846153846 0.20673076923076922
0 0.6201923076923077 0.10697115384615384 0.0985576923076923 0.1658653846153846