0 0.38822115384615385 0.15865384615384615 0.0829326923076923 0.1778846153846154
0 0.13581730769230768 0.16706730769230768 0.06971153846153846 0.14302884615384615
0 0.6262019230769231 0.20072115384615385 0.04807692307692308 0.1045673076923077
0 0.6730769230769231 0.22235576923076922 0.08413461538461539 0.18389423076923078
0 0.8605769230769231 0.25961538461538464 0.09975961538461539 0.18509615384615385
0 0.19951923076923078 0.30288461538461536 0.07932692307692307 0.19831730769230768
0 0.359375 0.3293269230769231 0.07211538461538461 0.16346153846153846
0 0.4699519230769231 0.38341346153846156 0.15625 0.3137019230769231
0 0.31009615384615385 0.4807692307692308 0.09014423076923077 0.21995192307692307
0 0.33774038461538464 0.056490384615384616 0.040865384615384616 0.078125
0 0.71875 0.6646634615384616 0.11778846153846154 0.25721153846153844
0 0.49158653846153844 0.07091346153846154 0.037259615384615384 0.08653846153846154
0 0.12860576923076922 0.7620192307692307 0.09615384615384616 0.1875
0 0.5384615384615384 0.09615384615384616 0.06971153846153846 0.15264423076923078