0 0.6430288461538461 0.15504807692307693 0.10817307692307693 0.19230769230769232
0 0.9002403846153846 0.1971153846153846 0.0889423076923077 0.15625
0 0.3942307692307692 0.16826923076923078 0.0625 0.11298076923076923
0 0.34375 0.18509615384615385 0.10817307692307693 0.1971153846153846
0 0.14543269230769232 0.19831730769230768 0.125 0.20192307692307693
0 0.8185096153846154 0.3269230769230769 0.10576923076923077 0.21394230769230768
0 0.6514423076923077 0.3329326923076923 0.09375 0.1778846153846154
0 0.53125 0.375 0.19951923076923078 0.34134615384615385
0 0.6826923076923077 0.49399038461538464 0.1201923076923077 0.23557692307692307
0 0.7079326923076923 0.06009615384615385 0.05048076923076923 0.07932692307692307
0 0.2403846153846154 0.6310096153846154 0.15384615384615385 0.27884615384615385
0 0.5480769230769231 0.052884615384615384 0.04807692307692308 0.09375
0 0.8329326923076923 0.8064903846153846 0.12259615384615384 0.20432692307692307
0 0.4951923076923077 0.07692307692307693 0.09134615384615384 0.15384615384615385