0 0.36177884615384615 0.7860576923076923 0.052884615384615384 0.07932692307692307
0 0.6754807692307693 0.75 0.07932692307692307 0.10576923076923077
0 0.13822115384615385 0.056490384615384616 0.03125 0.014423076923076924
0 0.5336538461538461 0.8004807692307693 0.040865384615384616 0.0673076923076923
0 0.3245192307692308 0.8701923076923077 0.052884615384615384 0.07932692307692307
0 0.20552884615384615 0.04927884615384615 0.03365384615384615 0.021634615384615384
0 0.44591346153846156 0.9014423076923077 0.0625 0.08653846153846154
0 0.5685096153846154 0.002403846153846154 0.03125 0.004807692307692308
0 0.125 0.06370192307692307 0.03125 0.02403846153846154
0 0.21995192307692307 0.9711538461538461 0.06490384615384616 0.057692307692307696
0 0.02403846153846154 0.08052884615384616 0.03125 0.026442307692307692
0 0.6105769230769231 0.9507211538461539 0.06009615384615385 0.07932692307692307
0 0.796875 0.9230769230769231 0.057692307692307696 0.07692307692307693
0 0.31490384615384615 0.040865384615384616 0.03365384615384615 0.040865384615384616
0 0.4387019230769231 0.02283653846153846 0.036057692307692304 0.04326923076923077
0 0.10096153846153846 0.07692307692307693 0.036057692307692304 0.04326923076923077
0 0.4699519230769231 0.02403846153846154 0.036057692307692304 0.04807692307692308
0 0.5913461538461539 0.019230769230769232 0.038461538461538464 0.038461538461538464
0 0.16947115384615385 0.09495192307692307 0.036057692307692304 0.055288461538461536
0 0.36658653846153844 0.06610576923076923 0.038461538461538464 0.05048076923076923
0 0.09975961538461539 0.11298076923076923 0.03365384615384615 0.04567307692307692
0 0.6370192307692307 0.03245192307692308 0.03365384615384615 0.04807692307692308
0 0.20793269230769232 0.1201923076923077 0.038461538461538464 0.057692307692307696
0 0.010817307692307692 0.15504807692307693 0.021634615384615384 0.055288461538461536
0 0.8365384615384616 0.027644230769230768 0.04326923076923077 0.055288461538461536
0 0.234375 0.14423076923076922 0.038461538461538464 0.057692307692307696
0 0.8449519230769231 0.06009615384615385 0.038461538461538464 0.057692307692307696
0 0.14182692307692307 0.17548076923076922 0.040865384615384616 0.06009615384615385
0 0.578125 0.10817307692307693 0.04326923076923077 0.06009615384615385
0 0.49399038461538464 0.12139423076923077 0.040865384615384616 0.057692307692307696
0 0.375 0.17548076923076922 0.04326923076923077 0.06490384615384616
0 0.0733173076923077 0.2247596153846154 0.04326923076923077 0.06490384615384616
0 0.6730769230769231 0.1310096153846154 0.040865384615384616 0.052884615384615384
0 0.5612980769230769 0.15745192307692307 0.040865384615384616 0.06971153846153846
0 0.7103365384615384 0.13942307692307693 0.038461538461538464 0.06009615384615385
0 0.6141826923076923 0.17668269230769232 0.04326923076923077 0.06009615384615385
0 0.7055288461538461 0.17548076923076922 0.040865384615384616 0.06009615384615385
0 0.009615384615384616 0.28966346153846156 0.019230769230769232 0.06009615384615385
0 0.7992788461538461 0.17067307692307693 0.04567307692307692 0.0673076923076923
0 0.6610576923076923 0.1935096153846154 0.04326923076923077 0.06009615384615385
0 0.2439903846153846 0.2644230769230769 0.04567307692307692 0.06971153846153846
0 0.3245192307692308 0.25240384615384615 0.04326923076923077 0.0673076923076923
0 0.5432692307692307 0.21995192307692307 0.038461538461538464 0.06009615384615385
0 0.042067307692307696 0.31009615384615385 0.052884615384615384 0.06971153846153846
0 0.44471153846153844 0.2668269230769231 0.055288461538461536 0.07451923076923077
0 0.3389423076923077 0.3088942307692308 0.04567307692307692 0.06971153846153846
0 0.42427884615384615 0.31490384615384615 0.05048076923076923 0.07451923076923077
0 0.8233173076923077 0.25721153846153844 0.05048076923076923 0.06971153846153846
0 0.5865384615384616 0.3004807692307692 0.038461538461538464 0.055288461538461536
0 0.4951923076923077 0.31490384615384615 0.04807692307692308 0.0625
0 0.36658653846153844 0.33774038461538464 0.055288461538461536 0.08173076923076923
0 0.7836538461538461 0.2764423076923077 0.04567307692307692 0.06971153846153846
0 0.21995192307692307 0.36899038461538464 0.05048076923076923 0.07211538461538461
0 0.29086538461538464 0.36177884615384615 0.06009615384615385 0.09134615384615384
0 0.6850961538461539 0.31490384615384615 0.05048076923076923 0.06971153846153846
0 0.14423076923076922 0.4026442307692308 0.055288461538461536 0.07451923076923077
0 0.1971153846153846 0.4170673076923077 0.057692307692307696 0.08653846153846154
0 0.4951923076923077 0.3870192307692308 0.04326923076923077 0.0625
0 0.17548076923076922 0.46274038461538464 0.057692307692307696 0.0889423076923077
0 0.6622596153846154 0.390625 0.038461538461538464 0.05048076923076923
0 0.9086538461538461 0.35216346153846156 0.05048076923076923 0.06971153846153846
0 0.5805288461538461 0.40625 0.04326923076923077 0.0673076923076923
0 0.42908653846153844 0.43028846153846156 0.038461538461538464 0.057692307692307696
0 0.8461538461538461 0.375 0.06490384615384616 0.07932692307692307
0 0.9711538461538461 0.359375 0.038461538461538464 0.07451923076923077
0 0.3269230769230769 0.5168269230769231 0.04326923076923077 0.0673076923076923
0 0.6838942307692307 0.47475961538461536 0.028846153846153848 0.038461538461538464
0 0.18389423076923078 0.5576923076923077 0.04807692307692308 0.0673076923076923
0 0.49038461538461536 0.5168269230769231 0.04807692307692308 0.0673076923076923
0 0.21514423076923078 0.5745192307692307 0.04807692307692308 0.07451923076923077
0 0.6790865384615384 0.5120192307692307 0.04567307692307692 0.06971153846153846
0 0.8846153846153846 0.48197115384615385 0.05048076923076923 0.07451923076923077
0 0.47836538461538464 0.5709134615384616 0.04807692307692308 0.06971153846153846
0 0.71875 0.5576923076923077 0.05048076923076923 0.07211538461538461
0 0.5949519230769231 0.5925480769230769 0.05048076923076923 0.07211538461538461
0 0.8365384615384616 0.5625 0.04807692307692308 0.07451923076923077
0 0.6033653846153846 0.6754807692307693 0.04326923076923077 0.07211538461538461
0 0.9495192307692307 0.6274038461538461 0.04807692307692308 0.0673076923076923
0 0.5721153846153846 0.6983173076923077 0.04807692307692308 0.07692307692307693