0 0.3269230769230769 0.7572115384615384 0.05048076923076923 0.07451923076923077
0 0.6153846153846154 0.8209134615384616 0.07451923076923077 0.10096153846153846
0 0.3557692307692308 0.026442307692307692 0.036057692307692304 0.04807692307692308
0 0.47475961538461536 0.8209134615384616 0.038461538461538464 0.06490384615384616
0 0.01201923076923077 0.7487980769230769 0.02403846153846154 0.07451923076923077
0 0.2692307692307692 0.8209134615384616 0.05048076923076923 0.07451923076923077
0 0.4170673076923077 0.042067307692307696 0.036057692307692304 0.05048076923076923
0 0.36658653846153844 0.8858173076923077 0.06009615384615385 0.08173076923076923
0 0.7536057692307693 0.10697115384615384 0.03365384615384615 0.04807692307692308
0 0.3401442307692308 0.03485576923076923 0.03365384615384615 0.04807692307692308
0 0.1971153846153846 0.014423076923076924 0.028846153846153848 0.028846153846153848
0 0.13942307692307693 0.8942307692307693 0.0625 0.0889423076923077
0 0.24639423076923078 0.02283653846153846 0.03125 0.038461538461538464
0 0.4963942307692308 0.9711538461538461 0.055288461538461536 0.057692307692307696
0 0.6694711538461539 0.9867788461538461 0.055288461538461536 0.026442307692307692
0 0.5144230769230769 0.078125 0.036057692307692304 0.05048076923076923
0 0.6286057692307693 0.10096153846153846 0.036057692307692304 0.05048076923076923
0 0.3137019230769231 0.04567307692307692 0.036057692307692304 0.04807692307692308
0 0.65625 0.11538461538461539 0.03365384615384615 0.04807692307692308
0 0.7680288461538461 0.14302884615384615 0.036057692307692304 0.05048076923076923
0 0.36778846153846156 0.08774038461538461 0.03365384615384615 0.05048076923076923
0 0.5504807692307693 0.12259615384615384 0.038461538461538464 0.04807692307692308
0 0.29927884615384615 0.0829326923076923 0.03125 0.04326923076923077
0 0.7992788461538461 0.17548076923076922 0.03365384615384615 0.04567307692307692
0 0.39302884615384615 0.12259615384615384 0.036057692307692304 0.055288461538461536
0 0.20192307692307693 0.09014423076923077 0.036057692307692304 0.052884615384615384
0 0.15504807692307693 0.0829326923076923 0.038461538461538464 0.05048076923076923
0 0.9771634615384616 0.23197115384615385 0.040865384615384616 0.052884615384615384
0 0.6177884615384616 0.018028846153846152 0.02403846153846154 0.014423076923076924
0 0.07451923076923077 0.0829326923076923 0.026442307692307692 0.052884615384615384
0 0.09254807692307693 0.08774038461538461 0.038461538461538464 0.06009615384615385
0 0.4098557692307692 0.15144230769230768 0.038461538461538464 0.052884615384615384
0 0.7175480769230769 0.038461538461538464 0.026442307692307692 0.019230769230769232
0 0.9747596153846154 0.2620192307692308 0.038461538461538464 0.055288461538461536
0 0.31850961538461536 0.15144230769230768 0.038461538461538464 0.055288461538461536
0 0.7247596153846154 0.22355769230769232 0.040865384615384616 0.057692307692307696
0 0.6466346153846154 0.2091346153846154 0.038461538461538464 0.055288461538461536
0 0.16105769230769232 0.14423076923076922 0.038461538461538464 0.055288461538461536
0 0.5252403846153846 0.22115384615384615 0.040865384615384616 0.06009615384615385
0 0.5216346153846154 0.010817307692307692 0.028846153846153848 0.021634615384615384
0 0.24278846153846154 0.17307692307692307 0.040865384615384616 0.06009615384615385
0 0.8016826923076923 0.27283653846153844 0.038461538461538464 0.05048076923076923
0 0.6947115384615384 0.2620192307692308 0.040865384615384616 0.06490384615384616
0 0.8317307692307693 0.29086538461538464 0.038461538461538464 0.055288461538461536
0 0.7355769230769231 0.29447115384615385 0.04326923076923077 0.057692307692307696
0 0.09735576923076923 0.1875 0.03125 0.04326923076923077
0 0.8173076923076923 0.3233173076923077 0.038461538461538464 0.057692307692307696
0 0.15625 0.20793269230769232 0.040865384615384616 0.057692307692307696
0 0.9014423076923077 0.34615384615384615 0.04326923076923077 0.0625
0 0.7716346153846154 0.3233173076923077 0.040865384615384616 0.057692307692307696
0 0.38100961538461536 0.25961538461538464 0.04326923076923077 0.06490384615384616
0 0.45552884615384615 0.27524038461538464 0.040865384615384616 0.06490384615384616
0 0.6598557692307693 0.3137019230769231 0.038461538461538464 0.055288461538461536
0 0.18990384615384615 0.23918269230769232 0.05048076923076923 0.06490384615384616
0 0.12139423076923077 0.24158653846153846 0.04567307692307692 0.0625
0 0.07211538461538461 0.234375 0.04807692307692308 0.0673076923076923
0 0.5588942307692307 0.32211538461538464 0.052884615384615384 0.06971153846153846
0 0.453125 0.3293269230769231 0.04326923076923077 0.0673076923076923
0 0.5252403846153846 0.3605769230769231 0.04807692307692308 0.06971153846153846
0 0.8954326923076923 0.43028846153846156 0.04807692307692308 0.06490384615384616
0 0.6730769230769231 0.39663461538461536 0.036057692307692304 0.05048076923076923
0 0.5877403846153846 0.38100961538461536 0.04567307692307692 0.057692307692307696
0 0.10336538461538461 0.296875 0.04807692307692308 0.0673076923076923
0 0.4675480769230769 0.3629807692307692 0.05048076923076923 0.07692307692307693
0 0.8545673076923077 0.4338942307692308 0.04567307692307692 0.06490384615384616
0 0.3293269230769231 0.3449519230769231 0.04807692307692308 0.0673076923076923
0 0.3942307692307692 0.3605769230769231 0.055288461538461536 0.08653846153846154
0 0.7560096153846154 0.43990384615384615 0.04807692307692308 0.0673076923076923
0 0.2512019230769231 0.35216346153846156 0.052884615384615384 0.06971153846153846
0 0.2956730769230769 0.38100961538461536 0.052884615384615384 0.07932692307692307
0 0.06129807692307692 0.35336538461538464 0.05048076923076923 0.07451923076923077
0 0.5673076923076923 0.44591346153846156 0.040865384615384616 0.06009615384615385
0 0.2608173076923077 0.41466346153846156 0.055288461538461536 0.08413461538461539
0 0.7139423076923077 0.4987980769230769 0.036057692307692304 0.04567307692307692
0 0.9423076923076923 0.5396634615384616 0.04807692307692308 0.06490384615384616
0 0.6358173076923077 0.48677884615384615 0.04326923076923077 0.0625
0 0.49399038461538464 0.4639423076923077 0.038461538461538464 0.055288461538461536
0 0.0733173076923077 0.39302884615384615 0.057692307692307696 0.07932692307692307
0 0.8810096153846154 0.5420673076923077 0.06009615384615385 0.07451923076923077
0 0.9879807692307693 0.5649038461538461 0.02403846153846154 0.0673076923076923
0 0.6514423076923077 0.04927884615384615 0.03365384615384615 0.04567307692307692
0 0.3786057692307692 0.5096153846153846 0.04326923076923077 0.06490384615384616
0 0.7067307692307693 0.5805288461538461 0.026442307692307692 0.036057692307692304
0 0.2403846153846154 0.5 0.04567307692307692 0.06490384615384616
0 0.7211538461538461 0.06370192307692307 0.03125 0.04567307692307692
0 0.014423076923076924 0.46153846153846156 0.028846153846153848 0.0625
0 0.5228365384615384 0.5588942307692307 0.04567307692307692 0.0625
0 0.2620192307692308 0.5264423076923077 0.04567307692307692 0.06971153846153846
0 0.6911057692307693 0.6105769230769231 0.04326923076923077 0.0673076923076923
0 0.4891826923076923 0.026442307692307692 0.036057692307692304 0.05048076923076923
0 0.8822115384615384 0.6466346153846154 0.05048076923076923 0.07211538461538461
0 0.4951923076923077 0.6033653846153846 0.04567307692307692 0.0673076923076923
0 0.009615384615384616 0.5360576923076923 0.019230769230769232 0.0673076923076923
0 0.7115384615384616 0.6646634615384616 0.04807692307692308 0.0673076923076923
0 0.5925480769230769 0.65625 0.04807692307692308 0.0673076923076923
0 0.8137019230769231 0.7043269230769231 0.04567307692307692 0.06971153846153846
0 0.6790865384615384 0.0673076923076923 0.03365384615384615 0.05048076923076923
0 0.5913461538461539 0.052884615384615384 0.03125 0.040865384615384616
0 0.38341346153846156 0.019230769230769232 0.03125 0.038461538461538464
0 0.22596153846153846 0.009615384615384616 0.03365384615384615 0.019230769230769232
0 0.5733173076923077 0.7331730769230769 0.040865384615384616 0.0673076923076923
0 0.8942307692307693 0.7956730769230769 0.04567307692307692 0.0625
0 0.5396634615384616 0.7439903846153846 0.04567307692307692 0.07211538461538461
0 0.5528846153846154 0.054086538461538464 0.028846153846153848 0.03365384615384615