0 0.5865384615384616 0.2776442307692308 0.16346153846153846 0.28846153846153844
0 0.3701923076923077 0.2548076923076923 0.07932692307692307 0.10096153846153846
0 0.6959134615384616 0.3161057692307692 0.16346153846153846 0.2764423076923077
0 0.21995192307692307 0.29086538461538464 0.16105769230769232 0.2980769230769231
0 0.1141826923076923 0.28125 0.20432692307692307 0.3317307692307692
0 0.8293269230769231 0.4098557692307692 0.07692307692307693 0.16105769230769232
0 0.4951923076923077 0.35336538461538464 0.17307692307692307 0.30288461538461536
0 0.8954326923076923 0.4375 0.1971153846153846 0.34375
0 0.4014423076923077 0.3701923076923077 0.08413461538461539 0.125
0 0.9519230769230769 0.5240384615384616 0.09615384615384616 0.25961538461538464
0 0.2668269230769231 0.6009615384615384 0.1971153846153846 0.3245192307692308
0 0.7235576923076923 0.7908653846153846 0.23557692307692307 0.38461538461538464