0 0.5528846153846154 0.2620192307692308 0.11658653846153846 0.265625
0 0.3401442307692308 0.2764423076923077 0.0625 0.0889423076923077
0 0.6634615384615384 0.28125 0.11658653846153846 0.2548076923076923
0 0.20072115384615385 0.33653846153846156 0.11057692307692307 0.2764423076923077
0 0.0985576923076923 0.3473557692307692 0.1502403846153846 0.30288461538461536
0 0.8100961538461539 0.3485576923076923 0.05048076923076923 0.1502403846153846
0 0.47836538461538464 0.35096153846153844 0.12259615384615384 0.27884615384615385
0 0.8774038461538461 0.3641826923076923 0.13942307692307693 0.3173076923076923
0 0.390625 0.38341346153846156 0.06370192307692307 0.1141826923076923
0 0.9591346153846154 0.4375 0.07692307692307693 0.24639423076923078
0 0.29927884615384615 0.6274038461538461 0.14182692307692307 0.296875
0 0.7704326923076923 0.7331730769230769 0.171875 0.35336538461538464