0 0.5432692307692307 0.22956730769230768 0.14903846153846154 0.2932692307692308
0 0.31850961538461536 0.265625 0.07451923076923077 0.10096153846153846
0 0.6622596153846154 0.23918269230769232 0.1466346153846154 0.28365384615384615
0 0.17548076923076922 0.34134615384615385 0.14182692307692307 0.30288461538461536
0 0.08052884615384616 0.3629807692307692 0.16105769230769232 0.33653846153846156
0 0.8233173076923077 0.2980769230769231 0.0673076923076923 0.16346153846153846
0 0.47115384615384615 0.3329326923076923 0.15625 0.3076923076923077
0 0.8954326923076923 0.3088942307692308 0.1778846153846154 0.3485576923076923
0 0.38100961538461536 0.3737980769230769 0.07932692307692307 0.12740384615384615
0 0.9675480769230769 0.3786057692307692 0.06490384615384616 0.2668269230769231
0 0.3076923076923077 0.6418269230769231 0.1778846153846154 0.3293269230769231
0 0.8173076923076923 0.7115384615384616 0.21634615384615385 0.3918269230769231