0 0.007211538461538462 0.27283653846153844 0.014423076923076924 0.0985576923076923
0 0.5697115384615384 0.11538461538461539 0.0889423076923077 0.13221153846153846
0 0.875 0.09134615384615384 0.11057692307692307 0.18269230769230768
0 0.49759615384615385 0.14302884615384615 0.09375 0.1346153846153846
0 0.2704326923076923 0.21754807692307693 0.09134615384615384 0.13942307692307693
0 0.6310096153846154 0.13822115384615385 0.05048076923076923 0.0673076923076923
0 0.41586538461538464 0.2283653846153846 0.12259615384615384 0.1658653846153846
0 0.11538461538461539 0.3137019230769231 0.10336538461538461 0.14182692307692307
0 0.030048076923076924 0.34615384615384615 0.06009615384615385 0.10576923076923077
0 0.7067307692307693 0.06971153846153846 0.12980769230769232 0.13942307692307693
0 0.6466346153846154 0.06370192307692307 0.04807692307692308 0.0673076923076923
0 0.16826923076923078 0.21514423076923078 0.07451923076923077 0.10096153846153846