0 0.051682692307692304 0.09375 0.057692307692307696 0.10096153846153846
0 0.75 0.10697115384615384 0.06971153846153846 0.13701923076923078
0 0.6622596153846154 0.1141826923076923 0.07692307692307693 0.14182692307692307
0 0.38822115384615385 0.125 0.07211538461538461 0.1466346153846154
0 0.8100961538461539 0.1502403846153846 0.04567307692307692 0.06971153846153846
0 0.5456730769230769 0.18389423076923078 0.10336538461538461 0.17307692307692307
0 0.18870192307692307 0.17908653846153846 0.08653846153846154 0.1466346153846154
0 0.08052884615384616 0.18990384615384615 0.04807692307692308 0.11298076923076923
0 0.9206730769230769 0.0889423076923077 0.10336538461538461 0.1658653846153846
0 0.8497596153846154 0.0733173076923077 0.038461538461538464 0.06971153846153846
0 0.2776442307692308 0.09014423076923077 0.06490384615384616 0.10336538461538461