0 0.056490384615384616 0.15264423076923078 0.04927884615384615 0.08653846153846154
0 0.6610576923076923 0.15264423076923078 0.05889423076923077 0.11899038461538461
0 0.9759615384615384 0.16105769230769232 0.046875 0.28125
0 0.5853365384615384 0.16105769230769232 0.06370192307692307 0.1201923076923077
0 0.3485576923076923 0.17427884615384615 0.06009615384615385 0.12620192307692307
0 0.7139423076923077 0.18990384615384615 0.037259615384615384 0.06009615384615385
0 0.4855769230769231 0.22235576923076922 0.08653846153846154 0.14783653846153846
0 0.17668269230769232 0.2247596153846154 0.07211538461538461 0.125
0 0.08413461538461539 0.23557692307692307 0.038461538461538464 0.0985576923076923
0 0.8100961538461539 0.11899038461538461 0.08653846153846154 0.17427884615384615
0 0.7475961538461539 0.12259615384615384 0.03245192307692308 0.06009615384615385
0 0.25240384615384615 0.14543269230769232 0.054086538461538464 0.08774038461538461