0 0.328125 0.18990384615384615 0.06370192307692307 0.0889423076923077
0 0.8209134615384616 0.203125 0.06850961538461539 0.10096153846153846
0 0.7007211538461539 0.20552884615384615 0.04567307692307692 0.09735576923076923
0 0.14302884615384615 0.21514423076923078 0.07091346153846154 0.078125
0 0.7487980769230769 0.22956730769230768 0.09735576923076923 0.17067307692307693
0 0.08533653846153846 0.22956730769230768 0.039663461538461536 0.09375
0 0.5673076923076923 0.25240384615384615 0.0625 0.1141826923076923
0 0.2620192307692308 0.265625 0.04807692307692308 0.09615384615384616
0 0.3918269230769231 0.265625 0.0625 0.09375
0 0.9254807692307693 0.2704326923076923 0.10576923076923077 0.18990384615384615
0 0.484375 0.28725961538461536 0.11658653846153846 0.25600961538461536
0 0.8137019230769231 0.2980769230769231 0.06610576923076923 0.08533653846153846
0 0.6262019230769231 0.30288461538461536 0.06009615384615385 0.12379807692307693
0 0.8329326923076923 0.03245192307692308 0.05889423076923077 0.06490384615384616
0 0.3112980769230769 0.36538461538461536 0.06610576923076923 0.125
0 0.3125 0.040865384615384616 0.052884615384615384 0.07451923076923077
0 0.6814903846153846 0.40625 0.09975961538461539 0.1971153846153846
0 0.21394230769230768 0.4206730769230769 0.1141826923076923 0.25
0 0.3713942307692308 0.4230769230769231 0.1141826923076923 0.1045673076923077
0 0.06610576923076923 0.42908653846153844 0.125 0.25721153846153844
0 0.8269230769230769 0.4807692307692308 0.08653846153846154 0.17548076923076922
0 0.6442307692307693 0.5913461538461539 0.12740384615384615 0.28846153846153844
0 0.3605769230769231 0.59375 0.15865384615384615 0.30408653846153844
0 0.16105769230769232 0.6117788461538461 0.11057692307692307 0.13701923076923078
0 0.14903846153846154 0.06850961538461539 0.08052884615384616 0.12379807692307693
0 0.9711538461538461 0.07091346153846154 0.051682692307692304 0.1310096153846154
0 0.06850961538461539 0.6983173076923077 0.056490384615384616 0.1310096153846154
0 0.45913461538461536 0.71875 0.07451923076923077 0.11778846153846154
0 0.7475961538461539 0.7307692307692307 0.12620192307692307 0.25240384615384615
0 0.10336538461538461 0.7596153846153846 0.04447115384615385 0.11298076923076923
0 0.2127403846153846 0.7920673076923077 0.18269230769230768 0.38100961538461536
0 0.9483173076923077 0.7944711538461539 0.08533653846153846 0.09254807692307693
0 0.7331730769230769 0.08052884615384616 0.09615384615384616 0.13581730769230768
0 0.4987980769230769 0.08173076923076923 0.10336538461538461 0.16346153846153846
0 0.6225961538461539 0.09014423076923077 0.09975961538461539 0.1622596153846154
0 0.71875 0.9098557692307693 0.13341346153846154 0.13701923076923078
0 0.36538461538461536 0.9194711538461539 0.125 0.12740384615384615
0 0.23197115384615385 0.09254807692307693 0.08413461538461539 0.16466346153846154
0 0.08413461538461539 0.09254807692307693 0.0829326923076923 0.17548076923076922
0 0.8497596153846154 0.11177884615384616 0.0829326923076923 0.15625
0 0.34615384615384615 0.12139423076923077 0.07572115384615384 0.10576923076923077
0 0.4375 0.13822115384615385 0.05889423076923077 0.10216346153846154