0 0.33533653846153844 0.18028846153846154 0.08173076923076923 0.10576923076923077
0 0.8942307692307693 0.14543269230769232 0.0889423076923077 0.1201923076923077
0 0.7584134615384616 0.15985576923076922 0.06009615384615385 0.11538461538461539
0 0.12980769230769232 0.22596153846153846 0.0889423076923077 0.09615384615384616
0 0.8149038461538461 0.18269230769230768 0.12740384615384615 0.20192307692307693
0 0.06490384615384616 0.24879807692307693 0.052884615384615384 0.11057692307692307
0 0.6117788461538461 0.22596153846153846 0.08173076923076923 0.13701923076923078
0 0.26802884615384615 0.27163461538461536 0.0625 0.11298076923076923
0 0.41466346153846156 0.25841346153846156 0.07932692307692307 0.11298076923076923
0 0.5216346153846154 0.27524038461538464 0.15865384615384615 0.3004807692307692
0 0.8942307692307693 0.2548076923076923 0.08173076923076923 0.10336538461538461
0 0.6850961538461539 0.27884615384615385 0.07932692307692307 0.1466346153846154
0 0.33413461538461536 0.3798076923076923 0.08653846153846154 0.1466346153846154
0 0.30408653846153844 0.03485576923076923 0.0625 0.04326923076923077
0 0.7560096153846154 0.3894230769230769 0.13221153846153846 0.23317307692307693
0 0.22956730769230768 0.4519230769230769 0.15384615384615385 0.2956730769230769
0 0.4074519230769231 0.4375 0.13942307692307693 0.12980769230769232
0 0.07211538461538461 0.47475961538461536 0.14423076923076922 0.30528846153846156
0 0.9266826923076923 0.46033653846153844 0.11538461538461539 0.20673076923076922
0 0.7319711538461539 0.6021634615384616 0.17307692307692307 0.3389423076923077
0 0.4110576923076923 0.6334134615384616 0.2091346153846154 0.3605769230769231
0 0.18870192307692307 0.6730769230769231 0.13701923076923078 0.1658653846153846
0 0.12259615384615384 0.08052884615384616 0.0985576923076923 0.10576923076923077
0 0.09375 0.7800480769230769 0.07692307692307693 0.15384615384615385
0 0.5360576923076923 0.7644230769230769 0.09615384615384616 0.14182692307692307
0 0.8629807692307693 0.75 0.16826923076923078 0.2980769230769231
0 0.13822115384615385 0.8461538461538461 0.0625 0.13221153846153846
0 0.2608173076923077 0.8233173076923077 0.23798076923076922 0.35336538461538464
0 0.7824519230769231 0.04807692307692308 0.11778846153846154 0.09615384615384616
0 0.5204326923076923 0.06850961538461539 0.12740384615384615 0.13701923076923078
0 0.6586538461538461 0.06610576923076923 0.125 0.13221153846153846
0 0.8461538461538461 0.9242788461538461 0.15865384615384615 0.10576923076923077
0 0.44711538461538464 0.9615384615384616 0.14903846153846154 0.07692307692307693
0 0.21875 0.09735576923076923 0.10817307692307693 0.15625
0 0.052884615384615384 0.11538461538461539 0.10576923076923077 0.16346153846153846
0 0.9158653846153846 0.06490384615384616 0.10576923076923077 0.12980769230769232
0 0.3485576923076923 0.09975961538461539 0.09615384615384616 0.12740384615384615
0 0.45552884615384615 0.11057692307692307 0.07692307692307693 0.12259615384615384