0 0.7211538461538461 0.22235576923076922 0.07932692307692307 0.10096153846153846
0 0.22235576923076922 0.15625 0.08413461538461539 0.11298076923076923
0 0.3425480769230769 0.1778846153846154 0.06009615384615385 0.10576923076923077
0 0.9038461538461539 0.2764423076923077 0.08413461538461539 0.09134615384615384
0 0.2920673076923077 0.19471153846153846 0.125 0.1875
0 0.9603365384615384 0.3004807692307692 0.055288461538461536 0.10096153846153846
0 0.47115384615384615 0.24759615384615385 0.08173076923076923 0.12740384615384615
0 0.7776442307692307 0.3088942307692308 0.0625 0.10336538461538461
0 0.6454326923076923 0.28966346153846156 0.07692307692307693 0.10576923076923077
0 0.10697115384615384 0.20793269230769232 0.13701923076923078 0.2091346153846154
0 0.5480769230769231 0.2956730769230769 0.15865384615384615 0.2764423076923077
0 0.21394230769230768 0.2536057692307692 0.07932692307692307 0.09615384615384616
0 0.40384615384615385 0.28846153846153844 0.07932692307692307 0.1346153846153846
0 0.23677884615384615 0.009615384615384616 0.06971153846153846 0.019230769230769232
0 0.7103365384615384 0.4014423076923077 0.08653846153846154 0.13701923076923078
0 0.7620192307692307 0.07451923076923077 0.06490384615384616 0.08413461538461539
0 0.33052884615384615 0.38461538461538464 0.13221153846153846 0.21394230769230768
0 0.8004807692307693 0.4735576923076923 0.15625 0.27163461538461536
0 0.640625 0.45072115384615385 0.13221153846153846 0.125
0 0.9314903846153846 0.5048076923076923 0.13701923076923078 0.27884615384615385
0 0.17307692307692307 0.4362980769230769 0.11538461538461539 0.19230769230769232
0 0.3389423076923077 0.5769230769230769 0.17548076923076922 0.3125
0 0.625 0.6262019230769231 0.2091346153846154 0.3317307692307692
0 0.8233173076923077 0.6742788461538461 0.1346153846153846 0.15625
0 0.921875 0.12860576923076922 0.10096153846153846 0.13701923076923078
0 0.09495192307692307 0.03365384615384615 0.06490384615384616 0.0673076923076923
0 0.9014423076923077 0.7764423076923077 0.07692307692307693 0.14182692307692307
0 0.5060096153846154 0.734375 0.09375 0.13221153846153846
0 0.2127403846153846 0.703125 0.16826923076923078 0.2764423076923077
0 0.8569711538461539 0.8329326923076923 0.0625 0.1201923076923077
0 0.7415865384615384 0.8197115384615384 0.24278846153846154 0.3605769230769231
0 0.025240384615384616 0.7331730769230769 0.05048076923076923 0.10576923076923077
0 0.328125 0.06009615384615385 0.11778846153846154 0.1201923076923077
0 0.5649038461538461 0.08774038461538461 0.12980769230769232 0.17548076923076922
0 0.4411057692307692 0.08173076923076923 0.12740384615384615 0.16346153846153846
0 0.2127403846153846 0.8882211538461539 0.15625 0.16105769230769232
0 0.5685096153846154 0.9387019230769231 0.1466346153846154 0.12259615384615384
0 0.8341346153846154 0.13942307692307693 0.11298076923076923 0.18028846153846154
0 0.9627403846153846 0.16105769230769232 0.07451923076923077 0.19230769230769232
0 0.20793269230769232 0.07211538461538461 0.10817307692307693 0.14423076923076922
0 0.7151442307692307 0.14903846153846154 0.09375 0.11778846153846154
0 0.6189903846153846 0.15264423076923078 0.07451923076923077 0.11298076923076923