0 0.6538461538461539 0.22115384615384615 0.07692307692307693 0.16947115384615385
0 0.5420673076923077 0.23557692307692307 0.06850961538461539 0.16826923076923078
0 0.4182692307692308 0.28725961538461536 0.07692307692307693 0.17548076923076922
0 0.4014423076923077 0.03245192307692308 0.03125 0.052884615384615384
0 0.33533653846153844 0.36899038461538464 0.06850961538461539 0.0889423076923077
0 0.7896634615384616 0.037259615384615384 0.03245192307692308 0.07451923076923077
0 0.5685096153846154 0.3858173076923077 0.08173076923076923 0.1875
0 0.7475961538461539 0.040865384615384616 0.03365384615384615 0.06129807692307692
0 0.8545673076923077 0.04447115384615385 0.04807692307692308 0.07692307692307693
0 0.3401442307692308 0.47596153846153844 0.08413461538461539 0.21754807692307693
0 0.4567307692307692 0.052884615384615384 0.03485576923076923 0.06490384615384616
0 0.16947115384615385 0.5829326923076923 0.12139423076923077 0.2608173076923077
0 0.5576923076923077 0.06129807692307692 0.046875 0.09495192307692307
0 0.6899038461538461 0.06129807692307692 0.027644230769230768 0.06370192307692307
0 0.9038461538461539 0.06129807692307692 0.036057692307692304 0.0673076923076923
0 0.2620192307692308 0.078125 0.052884615384615384 0.13221153846153846
0 0.6634615384615384 0.1045673076923077 0.036057692307692304 0.07451923076923077
0 0.7487980769230769 0.11899038461538461 0.04326923076923077 0.10096153846153846
0 0.23076923076923078 0.125 0.054086538461538464 0.14182692307692307
0 0.8137019230769231 0.1346153846153846 0.051682692307692304 0.12620192307692307
0 0.7043269230769231 0.140625 0.03485576923076923 0.051682692307692304