0 0.6550480769230769 0.19591346153846154 0.08173076923076923 0.18269230769230768
0 0.5360576923076923 0.21153846153846154 0.07211538461538461 0.1778846153846154
0 0.4026442307692308 0.2668269230769231 0.08173076923076923 0.1875
0 0.3858173076923077 0.01201923076923077 0.03365384615384615 0.02403846153846154
0 0.31490384615384615 0.35336538461538464 0.07211538461538461 0.09615384615384616
0 0.8004807692307693 0.020432692307692308 0.03365384615384615 0.038461538461538464
0 0.5637019230769231 0.37259615384615385 0.08653846153846154 0.20192307692307693
0 0.7548076923076923 0.018028846153846152 0.036057692307692304 0.036057692307692304
0 0.8689903846153846 0.02403846153846154 0.052884615384615384 0.04807692307692308
0 0.32091346153846156 0.46875 0.0889423076923077 0.23076923076923078
0 0.44471153846153844 0.025240384615384616 0.038461538461538464 0.05048076923076923
0 0.13822115384615385 0.5817307692307693 0.12980769230769232 0.27884615384615385
0 0.5516826923076923 0.038461538461538464 0.05048076923076923 0.07692307692307693
0 0.6935096153846154 0.030048076923076924 0.028846153846153848 0.057692307692307696
0 0.9206730769230769 0.030048076923076924 0.038461538461538464 0.06009615384615385
0 0.23557692307692307 0.056490384615384616 0.057692307692307696 0.11298076923076923
0 0.6658653846153846 0.07211538461538461 0.038461538461538464 0.08173076923076923
0 0.7560096153846154 0.08774038461538461 0.04807692307692308 0.10817307692307693
0 0.203125 0.09254807692307693 0.057692307692307696 0.15144230769230768
0 0.8245192307692307 0.10336538461538461 0.052884615384615384 0.1346153846153846
0 0.7091346153846154 0.109375 0.038461538461538464 0.055288461538461536