0 0.3016826923076923 0.17067307692307693 0.09375 0.19471153846153846
0 0.43028846153846156 0.18269230769230768 0.08413461538461539 0.19471153846153846
0 0.5721153846153846 0.23677884615384615 0.09375 0.20192307692307693
0 0.6694711538461539 0.3245192307692308 0.08173076923076923 0.10336538461538461
0 0.4074519230769231 0.3545673076923077 0.10096153846153846 0.21634615384615385
0 0.6682692307692307 0.44711538461538464 0.10336538461538461 0.25
0 0.8653846153846154 0.5612980769230769 0.1466346153846154 0.3004807692307692
0 0.4074519230769231 0.020432692307692308 0.055288461538461536 0.038461538461538464
0 0.25841346153846156 0.016826923076923076 0.03125 0.016826923076923076
0 0.018028846153846152 0.025240384615384616 0.036057692307692304 0.021634615384615384
0 0.7403846153846154 0.03365384615384615 0.0625 0.0673076923076923
0 0.28725961538461536 0.04447115384615385 0.04326923076923077 0.07692307692307693
0 0.19230769230769232 0.06370192307692307 0.052884615384615384 0.10817307692307693
0 0.7776442307692307 0.0625 0.06490384615384616 0.125
0 0.11899038461538461 0.08173076923076923 0.0625 0.13942307692307693
0 0.24278846153846154 0.08052884615384616 0.040865384615384616 0.06009615384615385