0 0.6598557692307693 0.20793269230769232 0.052884615384615384 0.12860576923076922
0 0.7115384615384616 0.2127403846153846 0.04567307692307692 0.125
0 0.5084134615384616 0.21875 0.030048076923076924 0.07572115384615384
0 0.021634615384615384 0.24158653846153846 0.03125 0.09254807692307693
0 0.5889423076923077 0.25600961538461536 0.027644230769230768 0.078125
0 0.8245192307692307 0.25721153846153844 0.057692307692307696 0.12259615384615384
0 0.9302884615384616 0.2644230769230769 0.03485576923076923 0.0829326923076923
0 0.8918269230769231 0.2692307692307692 0.036057692307692304 0.08173076923076923
0 0.7728365384615384 0.2956730769230769 0.026442307692307692 0.06490384615384616
0 0.375 0.31971153846153844 0.037259615384615384 0.08173076923076923
0 0.265625 0.32211538461538464 0.037259615384615384 0.0889423076923077
0 0.13341346153846154 0.09615384615384616 0.08413461538461539 0.17427884615384615
0 0.41947115384615385 0.11658653846153846 0.078125 0.17908653846153846
0 0.5300480769230769 0.14302884615384615 0.06971153846153846 0.15264423076923078