0 0.3641826923076923 0.18990384615384615 0.0673076923076923 0.13701923076923078
0 0.3112980769230769 0.19110576923076922 0.057692307692307696 0.13221153846153846
0 0.5192307692307693 0.21514423076923078 0.036057692307692304 0.07932692307692307
0 0.4326923076923077 0.24639423076923078 0.036057692307692304 0.08173076923076923
0 0.19110576923076922 0.22716346153846154 0.06971153846153846 0.13221153846153846
0 0.08173076923076923 0.2247596153846154 0.04326923076923077 0.0889423076923077
0 0.12139423076923077 0.23317307692307693 0.04326923076923077 0.08653846153846154
0 0.24158653846153846 0.27163461538461536 0.03365384615384615 0.06971153846153846
0 0.6478365384615384 0.3317307692307692 0.04567307692307692 0.08653846153846154
0 0.7596153846153846 0.3425480769230769 0.04567307692307692 0.09375
0 0.9158653846153846 0.12379807692307693 0.10336538461538461 0.18509615384615385
0 0.6189903846153846 0.11778846153846154 0.09615384615384616 0.19230769230769232
0 0.5036057692307693 0.13581730769230768 0.08653846153846154 0.16346153846153846