0 0.22235576923076922 0.26322115384615385 0.0889423076923077 0.15144230769230768
0 0.16947115384615385 0.2824519230769231 0.08173076923076923 0.14423076923076922
0 0.3870192307692308 0.23557692307692307 0.05048076923076923 0.0889423076923077
0 0.9074519230769231 0.1310096153846154 0.055288461538461536 0.10576923076923077
0 0.31009615384615385 0.296875 0.05048076923076923 0.0889423076923077
0 0.0625 0.3605769230769231 0.09375 0.1466346153846154
0 0.010817307692307692 0.3894230769230769 0.021634615384615384 0.09615384615384616
0 0.12740384615384615 0.3858173076923077 0.04567307692307692 0.07692307692307693
0 0.5552884615384616 0.3076923076923077 0.06009615384615385 0.09615384615384616
0 0.671875 0.2800480769230769 0.0625 0.10336538461538461
0 0.7536057692307693 0.054086538461538464 0.13221153846153846 0.10817307692307693
0 0.4519230769230769 0.1045673076923077 0.12980769230769232 0.2091346153846154
0 0.3449519230769231 0.16105769230769232 0.11298076923076923 0.18028846153846154