0 0.578125 0.24519230769230768 0.040865384615384616 0.08052884615384616
0 0.38822115384615385 0.25600961538461536 0.02403846153846154 0.042067307692307696
0 0.4483173076923077 0.25600961538461536 0.02403846153846154 0.036057692307692304
0 0.014423076923076924 0.2668269230769231 0.01201923076923077 0.020432692307692308
0 0.2704326923076923 0.2692307692307692 0.008413461538461538 0.02403846153846154
0 0.6454326923076923 0.27163461538461536 0.009615384615384616 0.020432692307692308
0 0.6766826923076923 0.27283653846153844 0.040865384615384616 0.0673076923076923
0 0.3329326923076923 0.27524038461538464 0.04807692307692308 0.08774038461538461
0 0.19230769230769232 0.2776442307692308 0.007211538461538462 0.014423076923076924
0 0.1502403846153846 0.2800480769230769 0.015625 0.03245192307692308
0 0.17668269230769232 0.28125 0.007211538461538462 0.010817307692307692
0 0.6201923076923077 0.2824519230769231 0.008413461538461538 0.018028846153846152
0 0.2548076923076923 0.28725961538461536 0.02283653846153846 0.04447115384615385
0 0.49038461538461536 0.2920673076923077 0.013221153846153846 0.036057692307692304
0 0.7235576923076923 0.30528846153846156 0.030048076923076924 0.07932692307692307
0 0.4362980769230769 0.45072115384615385 0.04447115384615385 0.06610576923076923
0 0.8641826923076923 0.125 0.08533653846153846 0.1658653846153846