0 0.3762019230769231 0.23197115384615385 0.06009615384615385 0.09375
0 0.5829326923076923 0.20552884615384615 0.03365384615384615 0.05048076923076923
0 0.5168269230769231 0.21754807692307693 0.03365384615384615 0.04326923076923077
0 0.7115384615384616 0.19951923076923078 0.014423076923076924 0.026442307692307692
0 0.3088942307692308 0.27163461538461536 0.014423076923076924 0.02403846153846154
0 0.27403846153846156 0.2800480769230769 0.057692307692307696 0.07932692307692307
0 0.6454326923076923 0.21634615384615385 0.0673076923076923 0.10336538461538461
0 0.796875 0.19230769230769232 0.009615384615384616 0.016826923076923076
0 0.8425480769230769 0.1875 0.021634615384615384 0.036057692307692304
0 0.8149038461538461 0.1935096153846154 0.009615384615384616 0.01201923076923077
0 0.33774038461538464 0.2800480769230769 0.01201923076923077 0.021634615384615384
0 0.7307692307692307 0.21514423076923078 0.03125 0.05048076923076923
0 0.47836538461538464 0.265625 0.021634615384615384 0.040865384615384616
0 0.23076923076923078 0.3233173076923077 0.04807692307692308 0.09134615384615384
0 0.5673076923076923 0.4254807692307692 0.06009615384615385 0.07932692307692307
0 0.052884615384615384 0.15865384615384615 0.10576923076923077 0.1875