0 0.4543269230769231 0.16947115384615385 0.055288461538461536 0.09375
0 0.6622596153846154 0.20673076923076922 0.03125 0.05048076923076923
0 0.5949519230769231 0.19831730769230768 0.03125 0.04326923076923077
0 0.7884615384615384 0.23798076923076922 0.01201923076923077 0.026442307692307692
0 0.37740384615384615 0.18990384615384615 0.014423076923076924 0.02403846153846154
0 0.3425480769230769 0.18629807692307693 0.055288461538461536 0.07932692307692307
0 0.7199519230769231 0.23677884615384615 0.06490384615384616 0.10336538461538461
0 0.8737980769230769 0.25600961538461536 0.009615384615384616 0.016826923076923076
0 0.9194711538461539 0.265625 0.021634615384615384 0.038461538461538464
0 0.8918269230769231 0.2620192307692308 0.009615384615384616 0.01201923076923077
0 0.40384615384615385 0.20432692307692307 0.01201923076923077 0.019230769230769232
0 0.8028846153846154 0.25841346153846156 0.03125 0.052884615384615384
0 0.5432692307692307 0.23317307692307693 0.019230769230769232 0.04326923076923077
0 0.28725961538461536 0.21634615384615385 0.04326923076923077 0.09134615384615384
0 0.5817307692307693 0.41466346153846156 0.057692307692307696 0.07932692307692307
0 0.15144230769230768 0.04807692307692308 0.11057692307692307 0.09615384615384616