0 0.12259615384615384 0.24759615384615385 0.016826923076923076 0.02403846153846154
0 0.17067307692307693 0.2608173076923077 0.026442307692307692 0.038461538461538464
0 0.06370192307692307 0.24639423076923078 0.019230769230769232 0.026442307692307692
0 0.31009615384615385 0.2920673076923077 0.04326923076923077 0.07932692307692307
0 0.040865384615384616 0.26322115384615385 0.03125 0.08653846153846154
0 0.3713942307692308 0.32091346153846156 0.038461538461538464 0.06490384615384616
0 0.056490384615384616 0.2776442307692308 0.021634615384615384 0.03365384615384615
0 0.12860576923076922 0.2980769230769231 0.02403846153846154 0.04567307692307692
0 0.14543269230769232 0.30649038461538464 0.038461538461538464 0.06971153846153846
0 0.5036057692307693 0.3629807692307692 0.03365384615384615 0.06971153846153846
0 0.3449519230769231 0.3581730769230769 0.028846153846153848 0.04807692307692308
0 0.7091346153846154 0.43028846153846156 0.055288461538461536 0.09375
0 0.22596153846153846 0.36177884615384615 0.13942307692307693 0.22596153846153846
0 0.4411057692307692 0.4110576923076923 0.10336538461538461 0.20432692307692307
0 0.054086538461538464 0.3605769230769231 0.08653846153846154 0.13701923076923078
0 0.3605769230769231 0.43509615384615385 0.08653846153846154 0.15144230769230768
0 0.6346153846153846 0.484375 0.0889423076923077 0.14903846153846154
0 0.7415865384615384 0.5228365384615384 0.0889423076923077 0.15865384615384615
0 0.07572115384615384 0.4735576923076923 0.11057692307692307 0.15865384615384615
0 0.8918269230769231 0.6622596153846154 0.21634615384615385 0.4879807692307692
0 0.4855769230769231 0.6105769230769231 0.14423076923076922 0.2548076923076923