0 0.0889423076923077 0.3233173076923077 0.01201923076923077 0.020432692307692308
0 0.13341346153846154 0.3269230769230769 0.019230769230769232 0.03245192307692308
0 0.036057692307692304 0.3293269230769231 0.013221153846153846 0.021634615384615384
0 0.2620192307692308 0.33533653846153844 0.028846153846153848 0.06610576923076923
0 0.014423076923076924 0.3485576923076923 0.025240384615384616 0.07692307692307693
0 0.32091346153846156 0.35336538461538464 0.026442307692307692 0.055288461538461536
0 0.03485576923076923 0.3581730769230769 0.014423076923076924 0.030048076923076924
0 0.10096153846153846 0.36538461538461536 0.015625 0.038461538461538464
0 0.11778846153846154 0.3713942307692308 0.025240384615384616 0.06129807692307692
0 0.44350961538461536 0.3713942307692308 0.020432692307692308 0.05889423076923077
0 0.3016826923076923 0.3894230769230769 0.019230769230769232 0.042067307692307696
0 0.6370192307692307 0.4014423076923077 0.037259615384615384 0.08052884615384616
0 0.1971153846153846 0.4098557692307692 0.09615384615384616 0.19110576923076922
0 0.3954326923076923 0.4230769230769231 0.06610576923076923 0.17668269230769232
0 0.04326923076923077 0.4338942307692308 0.06129807692307692 0.1141826923076923
0 0.3269230769230769 0.45552884615384615 0.06009615384615385 0.12860576923076922
0 0.5769230769230769 0.46153846153846156 0.06129807692307692 0.12620192307692307
0 0.6778846153846154 0.4795673076923077 0.06129807692307692 0.1346153846153846
0 0.07932692307692307 0.5288461538461539 0.08052884615384616 0.12980769230769232
0 0.8533653846153846 0.5817307692307693 0.171875 0.4206730769230769
0 0.46274038461538464 0.59375 0.09735576923076923 0.21634615384615385
0 0.9435096153846154 0.6862980769230769 0.06971153846153846 0.2692307692307692