0 0.7536057692307693 0.04807692307692308 0.07932692307692307 0.09615384615384616
0 0.16826923076923078 0.3389423076923077 0.15144230769230768 0.2620192307692308
0 0.453125 0.296875 0.25961538461538464 0.4375
0 0.5709134615384616 0.27524038461538464 0.1971153846153846 0.37740384615384615
0 0.7067307692307693 0.25 0.16826923076923078 0.27884615384615385
0 0.8942307692307693 0.22235576923076922 0.1658653846153846 0.2980769230769231
0 0.33533653846153844 0.4519230769230769 0.20192307692307693 0.3389423076923077
0 0.19230769230769232 0.5925480769230769 0.23557692307692307 0.40384615384615385
0 0.10096153846153846 0.7331730769230769 0.20192307692307693 0.5336538461538461
0 0.8112980769230769 0.7884615384615384 0.2403846153846154 0.3245192307692308
0 0.2668269230769231 0.052884615384615384 0.040865384615384616 0.028846153846153848
0 0.5228365384615384 0.037259615384615384 0.09375 0.07451923076923077
0 0.44350961538461536 0.03125 0.05048076923076923 0.0625
0 0.8052884615384616 0.03365384615384615 0.1201923076923077 0.0673076923076923