0 0.22596153846153846 0.13701923076923078 0.07451923076923077 0.11057692307692307
0 0.7728365384615384 0.42908653846153844 0.1466346153846154 0.24759615384615385
0 0.5060096153846154 0.38461538461538464 0.25 0.41346153846153844
0 0.39663461538461536 0.3641826923076923 0.19230769230769232 0.3557692307692308
0 0.2692307692307692 0.33774038461538464 0.16346153846153846 0.2620192307692308
0 0.08774038461538461 0.3076923076923077 0.16826923076923078 0.28365384615384615
0 0.6141826923076923 0.5336538461538461 0.19471153846153846 0.31971153846153844
0 0.3557692307692308 0.015625 0.04807692307692308 0.03125
0 0.7463942307692307 0.6682692307692307 0.22596153846153846 0.3798076923076923
0 0.8629807692307693 0.7752403846153846 0.2644230769230769 0.4495192307692308
0 0.16706730769230768 0.8149038461538461 0.21634615384615385 0.25240384615384615
0 0.4014423076923077 0.05048076923076923 0.036057692307692304 0.0625
0 0.6911057692307693 0.13701923076923078 0.05048076923076923 0.07211538461538461
0 0.453125 0.09495192307692307 0.10576923076923077 0.16346153846153846
0 0.5216346153846154 0.12259615384615384 0.052884615384615384 0.08653846153846154
0 0.18389423076923078 0.0829326923076923 0.12740384615384615 0.1658653846153846