0 0.9627403846153846 0.3798076923076923 0.026442307692307692 0.038461538461538464
0 0.8245192307692307 0.36658653846153844 0.04326923076923077 0.07692307692307693
0 0.7584134615384616 0.375 0.038461538461538464 0.0625
0 0.9903846153846154 0.4254807692307692 0.019230769230769232 0.04326923076923077
0 0.9723557692307693 0.42908653846153844 0.038461538461538464 0.06971153846153846
0 0.6237980769230769 0.375 0.03365384615384615 0.0673076923076923
0 0.7716346153846154 0.4182692307692308 0.026442307692307692 0.04807692307692308
0 0.4110576923076923 0.3737980769230769 0.052884615384615384 0.09134615384615384
0 0.8810096153846154 0.4567307692307692 0.1346153846153846 0.22115384615384615
0 0.6670673076923077 0.4375 0.10096153846153846 0.19951923076923078
0 0.7331730769230769 0.484375 0.08653846153846154 0.14903846153846154
0 0.4639423076923077 0.4483173076923077 0.0889423076923077 0.1466346153846154
0 0.35336538461538464 0.4495192307692308 0.0889423076923077 0.15625
0 0.9663461538461539 0.6021634615384616 0.0673076923076923 0.1466346153846154
0 0.14783653846153846 0.53125 0.2548076923076923 0.4807692307692308
0 0.5637019230769231 0.609375 0.14182692307692307 0.24759615384615385
0 0.046875 0.6262019230769231 0.09375 0.3004807692307692