0 0.27524038461538464 0.1971153846153846 0.03365384615384615 0.09254807692307693
0 0.33413461538461536 0.23918269230769232 0.037259615384615384 0.09735576923076923
0 0.5661057692307693 0.25961538461538464 0.040865384615384616 0.09615384615384616
0 0.4411057692307692 0.265625 0.042067307692307696 0.09375
0 0.028846153846153848 0.2668269230769231 0.046875 0.10576923076923077
0 0.23076923076923078 0.2848557692307692 0.042067307692307696 0.09975961538461539
0 0.13822115384615385 0.28725961538461536 0.04567307692307692 0.09375
0 0.9555288461538461 0.2956730769230769 0.06129807692307692 0.12860576923076922
0 0.6526442307692307 0.296875 0.04567307692307692 0.09735576923076923
0 0.7427884615384616 0.296875 0.04567307692307692 0.09254807692307693
0 0.8365384615384616 0.33413461538461536 0.05048076923076923 0.10216346153846154