0 0.5288461538461539 0.35096153846153844 0.23677884615384615 0.4411057692307692
0 0.7932692307692307 0.40625 0.203125 0.2920673076923077
0 0.07211538461538461 0.44711538461538464 0.08413461538461539 0.12620192307692307
0 0.4230769230769231 0.4495192307692308 0.04326923076923077 0.125
0 0.23918269230769232 0.4543269230769231 0.0829326923076923 0.19110576923076922
0 0.8966346153846154 0.4579326923076923 0.056490384615384616 0.12139423076923077
0 0.3088942307692308 0.46033653846153844 0.12620192307692307 0.21875
0 0.9459134615384616 0.46153846153846156 0.027644230769230768 0.07211538461538461
0 0.6838942307692307 0.4675480769230769 0.030048076923076924 0.055288461538461536
0 0.19110576923076922 0.4675480769230769 0.037259615384615384 0.09975961538461539
0 0.6346153846153846 0.4723557692307692 0.04326923076923077 0.11298076923076923
0 0.3737980769230769 0.5060096153846154 0.028846153846153848 0.054086538461538464
0 0.052884615384615384 0.5817307692307693 0.10336538461538461 0.17668269230769232