0 0.6129807692307693 0.3737980769230769 0.3605769230769231 0.5456730769230769
0 0.875 0.49278846153846156 0.25 0.3701923076923077
0 0.07932692307692307 0.38100961538461536 0.12259615384615384 0.15865384615384615
0 0.4723557692307692 0.46153846153846156 0.07451923076923077 0.14903846153846154
0 0.265625 0.4266826923076923 0.1346153846153846 0.23317307692307693
0 0.9783653846153846 0.5685096153846154 0.04326923076923077 0.14182692307692307
0 0.3425480769230769 0.4483173076923077 0.18990384615384615 0.27403846153846156
0 0.7620192307692307 0.5384615384615384 0.04567307692307692 0.06971153846153846
0 0.20793269230769232 0.43149038461538464 0.0625 0.11778846153846154
0 0.7043269230769231 0.5324519230769231 0.07451923076923077 0.13701923076923078
0 0.4050480769230769 0.5144230769230769 0.04567307692307692 0.0673076923076923
0 0.052884615384615384 0.5288461538461539 0.10576923076923077 0.21634615384615385