0 0.5432692307692307 0.31850961538461536 0.3004807692307692 0.4951923076923077
0 0.8305288461538461 0.3485576923076923 0.24759615384615385 0.3317307692307692
0 0.07091346153846154 0.47115384615384615 0.10336538461538461 0.14423076923076922
0 0.4423076923076923 0.4362980769230769 0.06009615384615385 0.13701923076923078
0 0.24879807692307693 0.46153846153846156 0.11057692307692307 0.21153846153846154
0 0.9471153846153846 0.3918269230769231 0.07451923076923077 0.1346153846153846
0 0.3233173076923077 0.45913461538461536 0.15865384615384615 0.24519230769230768
0 0.9879807692307693 0.3918269230769231 0.014423076923076924 0.07692307692307693
0 0.7223557692307693 0.4254807692307692 0.038461538461538464 0.0625
0 0.19831730769230768 0.4807692307692308 0.05048076923076923 0.10817307692307693
0 0.6694711538461539 0.4362980769230769 0.06009615384615385 0.125
0 0.39783653846153844 0.5012019230769231 0.036057692307692304 0.06009615384615385
0 0.06490384615384616 0.6165865384615384 0.12980769230769232 0.19951923076923078