0 0.18269230769230768 0.22235576923076922 0.07932692307692307 0.12980769230769232
0 0.2247596153846154 0.23557692307692307 0.02403846153846154 0.06009615384615385
0 0.38461538461538464 0.22355769230769232 0.057692307692307696 0.08413461538461539
0 0.5745192307692307 0.21153846153846154 0.03125 0.052884615384615384
0 0.8161057692307693 0.19471153846153846 0.11538461538461539 0.16826923076923078
0 0.33774038461538464 0.24879807692307693 0.05048076923076923 0.07211538461538461
0 0.4651442307692308 0.23798076923076922 0.06490384615384616 0.0985576923076923
0 0.0985576923076923 0.2980769230769231 0.028846153846153848 0.04807692307692308
0 0.9230769230769231 0.22956730769230768 0.09134615384615384 0.16105769230769232
0 0.7415865384615384 0.25721153846153844 0.08173076923076923 0.11538461538461539
0 0.4182692307692308 0.29927884615384615 0.06971153846153846 0.0985576923076923
0 0.2848557692307692 0.3233173076923077 0.036057692307692304 0.04807692307692308
0 0.6225961538461539 0.28725961538461536 0.06009615384615385 0.09375