0 0.2512019230769231 0.18870192307692307 0.06129807692307692 0.11298076923076923
0 0.28725961538461536 0.20432692307692307 0.016826923076923076 0.054086538461538464
0 0.4338942307692308 0.20793269230769232 0.046875 0.07211538461538461
0 0.6081730769230769 0.21634615384615385 0.02283653846153846 0.046875
0 0.8293269230769231 0.22355769230769232 0.09134615384615384 0.14543269230769232
0 0.3894230769230769 0.22716346153846154 0.039663461538461536 0.06129807692307692
0 0.5060096153846154 0.22956730769230768 0.051682692307692304 0.08533653846153846
0 0.1658653846153846 0.24879807692307693 0.021634615384615384 0.042067307692307696
0 0.9242788461538461 0.265625 0.06971153846153846 0.14182692307692307
0 0.7548076923076923 0.27283653846153844 0.06370192307692307 0.09975961538461539
0 0.4579326923076923 0.28125 0.055288461538461536 0.08533653846153846
0 0.3329326923076923 0.28966346153846156 0.030048076923076924 0.042067307692307696
0 0.6442307692307693 0.28966346153846156 0.046875 0.08052884615384616