0 0.2932692307692308 0.1502403846153846 0.07932692307692307 0.12259615384615384
0 0.3269230769230769 0.16947115384615385 0.026442307692307692 0.057692307692307696
0 0.4735576923076923 0.1971153846153846 0.057692307692307696 0.07932692307692307
0 0.6478365384615384 0.234375 0.03125 0.05048076923076923
0 0.8689903846153846 0.2764423076923077 0.11538461538461539 0.16105769230769232
0 0.4266826923076923 0.2091346153846154 0.04807692307692308 0.0673076923076923
0 0.5432692307692307 0.23076923076923078 0.06490384615384616 0.09375
0 0.1971153846153846 0.1971153846153846 0.028846153846153848 0.04567307692307692
0 0.9543269230769231 0.33413461538461536 0.09134615384615384 0.15384615384615385
0 0.7860576923076923 0.3137019230769231 0.07932692307692307 0.11057692307692307
0 0.4855769230769231 0.27403846153846156 0.06971153846153846 0.09375
0 0.359375 0.26322115384615385 0.036057692307692304 0.04567307692307692
0 0.671875 0.3125 0.06009615384615385 0.0889423076923077