0 0.9134615384615384 0.1201923076923077 0.026442307692307692 0.052884615384615384
0 0.7403846153846154 0.125 0.04447115384615385 0.06850961538461539
0 0.8798076923076923 0.13341346153846154 0.027644230769230768 0.057692307692307696
0 0.6466346153846154 0.1346153846153846 0.042067307692307696 0.07091346153846154
0 0.42427884615384615 0.1346153846153846 0.030048076923076924 0.04927884615384615
0 0.5793269230769231 0.14302884615384615 0.03245192307692308 0.06129807692307692
0 0.6790865384615384 0.1778846153846154 0.04567307692307692 0.09014423076923077
0 0.5324519230769231 0.1935096153846154 0.040865384615384616 0.07572115384615384
0 0.6033653846153846 0.1971153846153846 0.04567307692307692 0.1045673076923077
0 0.4182692307692308 0.020432692307692308 0.021634615384615384 0.039663461538461536
0 0.5408653846153846 0.030048076923076924 0.027644230769230768 0.05048076923076923
0 0.6454326923076923 0.30288461538461536 0.052884615384615384 0.06490384615384616
0 0.5600961538461539 0.3112980769230769 0.052884615384615384 0.11778846153846154
0 0.5072115384615384 0.3557692307692308 0.06490384615384616 0.14423076923076922
0 0.49399038461538464 0.037259615384615384 0.025240384615384616 0.036057692307692304
0 0.7319711538461539 0.4026442307692308 0.08052884615384616 0.1935096153846154
0 0.6502403846153846 0.4254807692307692 0.07932692307692307 0.18870192307692307
0 0.5877403846153846 0.43149038461538464 0.07091346153846154 0.109375
0 0.11778846153846154 0.44711538461538464 0.17548076923076922 0.39302884615384615
0 0.5516826923076923 0.53125 0.06850961538461539 0.109375
0 0.43149038461538464 0.6189903846153846 0.16105769230769232 0.34615384615384615
0 0.46634615384615385 0.07091346153846154 0.021634615384615384 0.046875
0 0.8245192307692307 0.7055288461538461 0.11899038461538461 0.2848557692307692
0 0.5480769230769231 0.7331730769230769 0.10817307692307693 0.31850961538461536
0 0.6899038461538461 0.7560096153846154 0.18870192307692307 0.35216346153846156
0 0.41466346153846156 0.07692307692307693 0.019230769230769232 0.040865384615384616
0 0.4375 0.08173076923076923 0.026442307692307692 0.046875