0 0.9002403846153846 0.010817307692307692 0.036057692307692304 0.021634615384615384
0 0.7127403846153846 0.03245192307692308 0.06009615384615385 0.06490384615384616
0 0.8641826923076923 0.02283653846153846 0.040865384615384616 0.04567307692307692
0 0.6129807692307693 0.04807692307692308 0.057692307692307696 0.08413461538461539
0 0.37259615384615385 0.0829326923076923 0.040865384615384616 0.057692307692307696
0 0.5408653846153846 0.06850961538461539 0.04326923076923077 0.07211538461538461
0 0.6550480769230769 0.09134615384615384 0.06490384615384616 0.10576923076923077
0 0.49759615384615385 0.1310096153846154 0.057692307692307696 0.0889423076923077
0 0.5757211538461539 0.12379807692307693 0.06490384615384616 0.1201923076923077
0 0.6370192307692307 0.23317307692307693 0.0673076923076923 0.07932692307692307
0 0.5456730769230769 0.25600961538461536 0.07451923076923077 0.1346153846153846
0 0.49399038461538464 0.3112980769230769 0.09134615384615384 0.1658653846153846
0 0.7463942307692307 0.328125 0.11538461538461539 0.22355769230769232
0 0.6622596153846154 0.3641826923076923 0.11538461538461539 0.21875
0 0.5949519230769231 0.38221153846153844 0.09375 0.12980769230769232
0 0.10576923076923077 0.4699519230769231 0.21153846153846154 0.4543269230769231
0 0.5697115384615384 0.4963942307692308 0.09134615384615384 0.12980769230769232
0 0.453125 0.6081730769230769 0.2283653846153846 0.4014423076923077
0 0.4098557692307692 0.020432692307692308 0.026442307692307692 0.026442307692307692
0 0.8942307692307693 0.6442307692307693 0.17307692307692307 0.3293269230769231
0 0.5985576923076923 0.7151442307692307 0.1658653846153846 0.3629807692307692
0 0.7536057692307693 0.71875 0.25961538461538464 0.4110576923076923
0 0.35216346153846156 0.030048076923076924 0.026442307692307692 0.03125
0 0.3786057692307692 0.03125 0.03365384615384615 0.040865384615384616