0 0.9903846153846154 0.17427884615384615 0.019230769230769232 0.06009615384615385
0 0.8052884615384616 0.16346153846153846 0.055288461538461536 0.07932692307692307
0 0.9603365384615384 0.18509615384615385 0.036057692307692304 0.0673076923076923
0 0.6995192307692307 0.16346153846153846 0.052884615384615384 0.08413461538461539
0 0.453125 0.14182692307692307 0.038461538461538464 0.057692307692307696
0 0.625 0.16706730769230768 0.040865384615384616 0.07211538461538461
0 0.7319711538461539 0.21514423076923078 0.06009615384615385 0.10576923076923077
0 0.5673076923076923 0.21995192307692307 0.055288461538461536 0.0889423076923077
0 0.6454326923076923 0.23076923076923078 0.0625 0.1201923076923077
0 0.45552884615384615 0.018028846153846152 0.026442307692307692 0.036057692307692304
0 0.59375 0.037259615384615384 0.036057692307692304 0.06009615384615385
0 0.6814903846153846 0.35216346153846156 0.06490384615384616 0.07692307692307693
0 0.5865384615384616 0.35336538461538464 0.06971153846153846 0.1346153846153846
0 0.5228365384615384 0.39663461538461536 0.08653846153846154 0.1658653846153846
0 0.5384615384615384 0.039663461538461536 0.03125 0.04326923076923077
0 0.7692307692307693 0.47115384615384615 0.10817307692307693 0.22355769230769232
0 0.6754807692307693 0.4891826923076923 0.10817307692307693 0.21875
0 0.6057692307692307 0.49038461538461536 0.0889423076923077 0.12980769230769232
0 0.0985576923076923 0.46033653846153844 0.1971153846153846 0.4543269230769231
0 0.5552884615384616 0.5973557692307693 0.08653846153846154 0.12980769230769232
0 0.41346153846153844 0.6826923076923077 0.21394230769230768 0.4014423076923077
0 0.5060096153846154 0.07451923076923077 0.028846153846153848 0.055288461538461536
0 0.8425480769230769 0.8185096153846154 0.16105769230769232 0.3293269230769231
0 0.5324519230769231 0.8185096153846154 0.15144230769230768 0.3629807692307692
0 0.6875 0.828125 0.2403846153846154 0.34375
0 0.44711538461538464 0.07692307692307693 0.026442307692307692 0.04807692307692308
0 0.4723557692307692 0.08533653846153846 0.03365384615384615 0.055288461538461536