0 0.5384615384615384 0.32572115384615385 0.07692307692307693 0.11658653846153846
0 0.33653846153846156 0.33413461538461536 0.0673076923076923 0.12139423076923077
0 0.26802884615384615 0.37740384615384615 0.08413461538461539 0.12980769230769232
0 0.6646634615384616 0.4050480769230769 0.0673076923076923 0.12259615384615384
0 0.484375 0.44350961538461536 0.09014423076923077 0.13822115384615385
0 0.7524038461538461 0.4699519230769231 0.07451923076923077 0.12139423076923077
0 0.06490384615384616 0.49399038461538464 0.12620192307692307 0.22115384615384615
0 0.13822115384615385 0.5192307692307693 0.07211538461538461 0.1778846153846154
0 0.8377403846153846 0.5408653846153846 0.10096153846153846 0.19591346153846154
0 0.23317307692307693 0.6153846153846154 0.10817307692307693 0.17067307692307693
0 0.11057692307692307 0.8737980769230769 0.13221153846153846 0.2512019230769231