0 0.4543269230769231 0.3293269230769231 0.10336538461538461 0.14423076923076922
0 0.6826923076923077 0.36778846153846156 0.09375 0.14903846153846154
0 0.7548076923076923 0.4254807692307692 0.11298076923076923 0.15865384615384615
0 0.29927884615384615 0.4026442307692308 0.09375 0.14903846153846154
0 0.5 0.47115384615384615 0.12259615384615384 0.17067307692307693
0 0.18990384615384615 0.4639423076923077 0.10096153846153846 0.14903846153846154
0 0.9411057692307693 0.5841346153846154 0.11778846153846154 0.2644230769230769
0 0.8834134615384616 0.6057692307692307 0.10817307692307693 0.21394230769230768
0 0.08173076923076923 0.5336538461538461 0.14423076923076922 0.23798076923076922
0 0.7620192307692307 0.703125 0.1466346153846154 0.21153846153846154
0 0.8701923076923077 0.9302884615384616 0.17307692307692307 0.13942307692307693