0 0.4891826923076923 0.3125 0.08413461538461539 0.125
0 0.7007211538461539 0.328125 0.07451923076923077 0.12980769230769232
0 0.7716346153846154 0.3762019230769231 0.09134615384615384 0.13942307692307693
0 0.3545673076923077 0.390625 0.07451923076923077 0.13221153846153846
0 0.5432692307692307 0.4375 0.0985576923076923 0.14903846153846154
0 0.2608173076923077 0.45552884615384615 0.08173076923076923 0.13221153846153846
0 0.9543269230769231 0.5048076923076923 0.09134615384615384 0.23557692307692307
0 0.9026442307692307 0.5300480769230769 0.08173076923076923 0.18990384615384615
0 0.16706730769230768 0.5264423076923077 0.11298076923076923 0.2091346153846154
0 0.7992788461538461 0.6274038461538461 0.1201923076923077 0.18509615384615385
0 0.9170673076923077 0.8834134615384616 0.1466346153846154 0.23317307692307693