0 0.32211538461538464 0.30528846153846156 0.021634615384615384 0.04567307692307692
0 0.23557692307692307 0.3088942307692308 0.021634615384615384 0.04567307692307692
0 0.33533653846153844 0.33774038461538464 0.021634615384615384 0.052884615384615384
0 0.30408653846153844 0.34975961538461536 0.02403846153846154 0.038461538461538464
0 0.5264423076923077 0.3545673076923077 0.028846153846153848 0.06009615384615385
0 0.5721153846153846 0.359375 0.036057692307692304 0.06490384615384616
0 0.47716346153846156 0.359375 0.021634615384615384 0.04326923076923077
0 0.19831730769230768 0.3581730769230769 0.038461538461538464 0.07451923076923077
0 0.6850961538461539 0.38221153846153844 0.021634615384615384 0.05048076923076923
0 0.7475961538461539 0.3858173076923077 0.026442307692307692 0.04326923076923077
0 0.6394230769230769 0.38822115384615385 0.028846153846153848 0.06490384615384616
0 0.039663461538461536 0.38221153846153844 0.07692307692307693 0.16826923076923078
0 0.9435096153846154 0.40024038461538464 0.019230769230769232 0.040865384615384616
0 0.9591346153846154 0.4074519230769231 0.02403846153846154 0.04807692307692308
0 0.9134615384615384 0.4074519230769231 0.026442307692307692 0.04807692307692308
0 0.8870192307692307 0.4074519230769231 0.028846153846153848 0.057692307692307696
0 0.4098557692307692 0.4026442307692308 0.038461538461538464 0.09134615384615384
0 0.8617788461538461 0.4182692307692308 0.019230769230769232 0.040865384615384616
0 0.1045673076923077 0.40625 0.04567307692307692 0.09134615384615384
0 0.6995192307692307 0.42427884615384615 0.04807692307692308 0.08413461538461539
0 0.9819711538461539 0.4411057692307692 0.03365384615384615 0.0673076923076923
0 0.546875 0.44591346153846156 0.04807692307692308 0.08653846153846154
0 0.49278846153846156 0.44711538461538464 0.04326923076923077 0.10336538461538461
0 0.7620192307692307 0.4651442307692308 0.06490384615384616 0.14423076923076922
0 0.9591346153846154 0.47596153846153844 0.040865384615384616 0.08413461538461539
0 0.33653846153846156 0.46875 0.06490384615384616 0.13942307692307693
0 0.4483173076923077 0.47115384615384615 0.06009615384615385 0.11057692307692307
0 0.6598557692307693 0.49278846153846156 0.040865384615384616 0.09375
0 0.8173076923076923 0.5024038461538461 0.0889423076923077 0.18509615384615385
0 0.8762019230769231 0.5396634615384616 0.0625 0.10576923076923077
0 0.4723557692307692 0.5973557692307693 0.11057692307692307 0.21153846153846154
0 0.5661057692307693 0.6189903846153846 0.055288461538461536 0.1201923076923077
0 0.203125 0.6201923076923077 0.21153846153846154 0.4495192307692308
0 0.6766826923076923 0.6502403846153846 0.10096153846153846 0.1971153846153846