0 0.6598557692307693 0.32211538461538464 0.020432692307692308 0.04326923076923077
0 0.7427884615384616 0.32572115384615385 0.020432692307692308 0.04326923076923077
0 0.6454326923076923 0.35096153846153844 0.020432692307692308 0.05048076923076923
0 0.6754807692307693 0.3641826923076923 0.021634615384615384 0.03485576923076923
0 0.46274038461538464 0.36538461538461536 0.026442307692307692 0.056490384615384616
0 0.41947115384615385 0.36899038461538464 0.03365384615384615 0.06129807692307692
0 0.5108173076923077 0.3701923076923077 0.019230769230769232 0.042067307692307696
0 0.7776442307692307 0.3737980769230769 0.03365384615384615 0.07091346153846154
0 0.31009615384615385 0.38822115384615385 0.020432692307692308 0.04807692307692308
0 0.25 0.390625 0.025240384615384616 0.039663461538461536
0 0.3545673076923077 0.3954326923076923 0.026442307692307692 0.06129807692307692
0 0.9387019230769231 0.40024038461538464 0.08774038461538461 0.15865384615384615
0 0.06129807692307692 0.4026442307692308 0.018028846153846152 0.038461538461538464
0 0.046875 0.40865384615384615 0.02283653846153846 0.04447115384615385
0 0.09134615384615384 0.40865384615384615 0.025240384615384616 0.04567307692307692
0 0.11658653846153846 0.40865384615384615 0.027644230769230768 0.055288461538461536
0 0.5733173076923077 0.41225961538461536 0.036057692307692304 0.08653846153846154
0 0.13942307692307693 0.4206730769230769 0.018028846153846152 0.038461538461538464
0 0.8653846153846154 0.421875 0.042067307692307696 0.08774038461538461
0 0.2956730769230769 0.42908653846153844 0.04447115384615385 0.08052884615384616
0 0.02403846153846154 0.43990384615384615 0.03245192307692308 0.06490384615384616
0 0.4411057692307692 0.4519230769230769 0.04326923076923077 0.08173076923076923
0 0.49399038461538464 0.4543269230769231 0.039663461538461536 0.0985576923076923
0 0.23557692307692307 0.46634615384615385 0.05889423076923077 0.13822115384615385
0 0.04567307692307692 0.4735576923076923 0.037259615384615384 0.08052884615384616
0 0.6430288461538461 0.47716346153846156 0.06009615384615385 0.13221153846153846
0 0.5348557692307693 0.47716346153846156 0.055288461538461536 0.10576923076923077
0 0.3329326923076923 0.4951923076923077 0.037259615384615384 0.0889423076923077
0 0.1814903846153846 0.5012019230769231 0.0829326923076923 0.17548076923076922
0 0.12379807692307693 0.5372596153846154 0.05889423076923077 0.10096153846153846
0 0.5108173076923077 0.5973557692307693 0.10216346153846154 0.20192307692307693
0 0.4206730769230769 0.6177884615384616 0.05048076923076923 0.11538461538461539
0 0.7680288461538461 0.6237980769230769 0.19471153846153846 0.4266826923076923
0 0.31490384615384615 0.6442307692307693 0.09375 0.1875