0 0.6478365384615384 0.2980769230769231 0.02403846153846154 0.04567307692307692
0 0.7319711538461539 0.29447115384615385 0.02403846153846154 0.04567307692307692
0 0.6370192307692307 0.3293269230769231 0.026442307692307692 0.052884615384615384
0 0.6682692307692307 0.3401442307692308 0.026442307692307692 0.038461538461538464
0 0.4519230769230769 0.3641826923076923 0.03365384615384615 0.06009615384615385
0 0.4074519230769231 0.3713942307692308 0.040865384615384616 0.06490384615384616
0 0.5 0.3629807692307692 0.02403846153846154 0.04326923076923077
0 0.7716346153846154 0.3389423076923077 0.04326923076923077 0.07451923076923077
0 0.29927884615384615 0.40384615384615385 0.026442307692307692 0.05048076923076923
0 0.23798076923076922 0.41225961538461536 0.03125 0.04326923076923077
0 0.3449519230769231 0.4050480769230769 0.03365384615384615 0.06490384615384616
0 0.9399038461538461 0.3485576923076923 0.10576923076923077 0.17067307692307693
0 0.04807692307692308 0.44350961538461536 0.02403846153846154 0.040865384615384616
0 0.03365384615384615 0.4519230769230769 0.028846153846153848 0.04807692307692308
0 0.07932692307692307 0.44711538461538464 0.028846153846153848 0.04807692307692308
0 0.10336538461538461 0.44471153846153844 0.03365384615384615 0.06009615384615385
0 0.5697115384615384 0.40024038461538464 0.04567307692307692 0.09134615384615384
0 0.12860576923076922 0.4543269230769231 0.02403846153846154 0.040865384615384616
0 0.8665865384615384 0.3786057692307692 0.052884615384615384 0.09375
0 0.28846153846153844 0.44591346153846156 0.052884615384615384 0.08653846153846154
0 0.016826923076923076 0.484375 0.03365384615384615 0.06971153846153846
0 0.43990384615384615 0.453125 0.052884615384615384 0.08653846153846154
0 0.49399038461538464 0.4495192307692308 0.05048076923076923 0.10576923076923077
0 0.23197115384615385 0.49038461538461536 0.07451923076923077 0.1466346153846154
0 0.038461538461538464 0.5180288461538461 0.04567307692307692 0.08413461538461539
0 0.6466346153846154 0.4579326923076923 0.07451923076923077 0.14182692307692307
0 0.5384615384615384 0.4699519230769231 0.0673076923076923 0.11298076923076923
0 0.3329326923076923 0.5096153846153846 0.04807692307692308 0.09375
0 0.17908653846153846 0.5324519230769231 0.10336538461538461 0.1875
0 0.12620192307692307 0.5745192307692307 0.06971153846153846 0.10817307692307693
0 0.5252403846153846 0.59375 0.125 0.21634615384615385
0 0.43509615384615385 0.6237980769230769 0.06490384615384616 0.12259615384615384
0 0.7896634615384616 0.59375 0.24278846153846154 0.4543269230769231
0 0.33052884615384615 0.6622596153846154 0.11538461538461539 0.20192307692307693