0 0.1466346153846154 0.15144230769230768 0.0625 0.10096153846153846
0 0.027644230769230768 0.17668269230769232 0.055288461538461536 0.19471153846153846
0 0.4579326923076923 0.18870192307692307 0.10817307692307693 0.22355769230769232
0 0.7211538461538461 0.1658653846153846 0.12259615384615384 0.23798076923076922
0 0.8617788461538461 0.19110576923076922 0.1201923076923077 0.21634615384615385
0 0.39783653846153844 0.2608173076923077 0.11057692307692307 0.2403846153846154
0 0.8112980769230769 0.3389423076923077 0.10096153846153846 0.19471153846153846
0 0.057692307692307696 0.4375 0.07932692307692307 0.13701923076923078
0 0.33413461538461536 0.47475961538461536 0.10096153846153846 0.18990384615384615
0 0.5432692307692307 0.4891826923076923 0.16105769230769232 0.3269230769230769
0 0.6610576923076923 0.49759615384615385 0.11538461538461539 0.2403846153846154
0 0.8257211538461539 0.5444711538461539 0.10817307692307693 0.21634615384615385
0 0.09014423076923077 0.6346153846153846 0.18028846153846154 0.35096153846153844
0 0.3701923076923077 0.6682692307692307 0.11298076923076923 0.2403846153846154
0 0.21033653846153846 0.109375 0.09375 0.17067307692307693