0 0.7596153846153846 0.17908653846153846 0.04567307692307692 0.08413461538461539
0 0.8846153846153846 0.18990384615384615 0.07211538461538461 0.16466346153846154
0 0.4879807692307692 0.24158653846153846 0.07692307692307693 0.19110576923076922
0 0.2536057692307692 0.24639423076923078 0.08774038461538461 0.20432692307692307
0 0.1310096153846154 0.28125 0.08774038461538461 0.18269230769230768
0 0.5480769230769231 0.2980769230769231 0.078125 0.20552884615384615
0 0.9627403846153846 0.33533653846153844 0.06129807692307692 0.20552884615384615
0 0.18990384615384615 0.40625 0.0733173076923077 0.16466346153846154
0 0.8653846153846154 0.42427884615384615 0.057692307692307696 0.11658653846153846
0 0.6237980769230769 0.48197115384615385 0.0733173076923077 0.1622596153846154
0 0.43990384615384615 0.5132211538461539 0.11538461538461539 0.2800480769230769
0 0.33774038461538464 0.5324519230769231 0.08173076923076923 0.20673076923076922
0 0.19591346153846154 0.5889423076923077 0.07692307692307693 0.18389423076923078
0 0.8605769230769231 0.6009615384615384 0.140625 0.29927884615384615
0 0.6105769230769231 0.65625 0.07932692307692307 0.20552884615384615
0 0.7007211538461539 0.14543269230769232 0.06971153846153846 0.15264423076923078