0 0.8149038461538461 0.20793269230769232 0.0625 0.0985576923076923
0 0.9471153846153846 0.2403846153846154 0.10576923076923077 0.1875
0 0.515625 0.2283653846153846 0.11538461538461539 0.21634615384615385
0 0.265625 0.1935096153846154 0.12740384615384615 0.23076923076923078
0 0.12980769230769232 0.21033653846153846 0.125 0.2091346153846154
0 0.5709134615384616 0.29927884615384615 0.11778846153846154 0.23317307692307693
0 0.9771634615384616 0.40865384615384615 0.04567307692307692 0.22596153846153846
0 0.17067307692307693 0.3545673076923077 0.10576923076923077 0.1875
0 0.8870192307692307 0.48677884615384615 0.08173076923076923 0.1346153846153846
0 0.6201923076923077 0.5084134615384616 0.10576923076923077 0.18509615384615385
0 0.41947115384615385 0.5120192307692307 0.17067307692307693 0.31971153846153844
0 0.30649038461538464 0.5132211538461539 0.12259615384615384 0.23557692307692307
0 0.14543269230769232 0.5492788461538461 0.11298076923076923 0.2091346153846154
0 0.8533653846153846 0.6754807692307693 0.19951923076923078 0.34375
0 0.5757211538461539 0.6923076923076923 0.1201923076923077 0.23317307692307693
0 0.7596153846153846 0.1622596153846154 0.0985576923076923 0.17548076923076922