0 0.5024038461538461 0.13341346153846154 0.14903846153846154 0.24519230769230768
0 0.5757211538461539 0.3641826923076923 0.052884615384615384 0.11057692307692307
0 0.0673076923076923 0.30649038461538464 0.10576923076923077 0.1875
0 0.15865384615384615 0.3786057692307692 0.04567307692307692 0.07211538461538461
0 0.6021634615384616 0.47836538461538464 0.036057692307692304 0.0625
0 0.21995192307692307 0.41947115384615385 0.04807692307692308 0.055288461538461536
0 0.6370192307692307 0.5024038461538461 0.0673076923076923 0.10336538461538461
0 0.5661057692307693 0.5108173076923077 0.04326923076923077 0.0625
0 0.9759615384615384 0.6430288461538461 0.04807692307692308 0.18990384615384615
0 0.8557692307692307 0.6225961538461539 0.04567307692307692 0.06971153846153846
0 0.8028846153846154 0.65625 0.10817307692307693 0.1658653846153846
0 0.5685096153846154 0.7512019230769231 0.1658653846153846 0.2403846153846154
0 0.6454326923076923 0.8245192307692307 0.15865384615384615 0.2403846153846154
0 0.7103365384615384 0.9579326923076923 0.13221153846153846 0.08413461538461539