0 0.5745192307692307 0.21875 0.13942307692307693 0.23076923076923078
0 0.42788461538461536 0.3954326923076923 0.05048076923076923 0.10576923076923077
0 0.8942307692307693 0.5264423076923077 0.10096153846153846 0.1778846153846154
0 0.7884615384615384 0.5576923076923077 0.04326923076923077 0.0673076923076923
0 0.3629807692307692 0.48677884615384615 0.03365384615384615 0.057692307692307696
0 0.7199519230769231 0.5709134615384616 0.04567307692307692 0.05048076923076923
0 0.3245192307692308 0.4951923076923077 0.0625 0.0985576923076923
0 0.38461538461538464 0.5276442307692307 0.040865384615384616 0.06009615384615385
0 0.09014423076923077 0.5240384615384616 0.04567307692307692 0.0673076923076923
0 0.125 0.5733173076923077 0.10096153846153846 0.15625
0 0.2956730769230769 0.7379807692307693 0.15865384615384615 0.22596153846153846
0 0.20432692307692307 0.7752403846153846 0.14903846153846154 0.2283653846153846
0 0.09134615384615384 0.8822115384615384 0.12259615384615384 0.11057692307692307