0 0.4579326923076923 0.21153846153846154 0.09375 0.20072115384615385
0 0.5600961538461539 0.39903846153846156 0.028846153846153848 0.09375
0 0.11057692307692307 0.43509615384615385 0.06490384615384616 0.15504807692307693
0 0.20192307692307693 0.48197115384615385 0.028846153846153848 0.05889423076923077
0 0.6033653846153846 0.49399038461538464 0.021634615384615384 0.05048076923076923
0 0.2620192307692308 0.5072115384615384 0.03485576923076923 0.042067307692307696
0 0.6370192307692307 0.5084134615384616 0.04447115384615385 0.08533653846153846
0 0.5769230769230769 0.5276442307692307 0.028846153846153848 0.05048076923076923
0 0.9723557692307693 0.5721153846153846 0.05048076923076923 0.16947115384615385
0 0.8461538461538461 0.5769230769230769 0.03125 0.057692307692307696
0 0.8064903846153846 0.6141826923076923 0.06971153846153846 0.1346153846153846
0 0.6201923076923077 0.734375 0.11177884615384616 0.1935096153846154
0 0.6971153846153846 0.7860576923076923 0.10336538461538461 0.19591346153846154
0 0.78125 0.9134615384615384 0.0985576923076923 0.10697115384615384