0 0.15384615384615385 0.17307692307692307 0.07211538461538461 0.11057692307692307
0 0.28725961538461536 0.15504807692307693 0.11538461538461539 0.19471153846153846
0 0.08173076923076923 0.2512019230769231 0.1201923076923077 0.18269230769230768
0 0.5 0.1778846153846154 0.11538461538461539 0.22115384615384615
0 0.028846153846153848 0.26322115384615385 0.057692307692307696 0.10817307692307693
0 0.1346153846153846 0.25240384615384615 0.07451923076923077 0.1466346153846154
0 0.19471153846153846 0.2512019230769231 0.11778846153846154 0.18990384615384615
0 0.6069711538461539 0.18028846153846154 0.10096153846153846 0.21394230769230768
0 0.4495192307692308 0.21754807692307693 0.07211538461538461 0.17548076923076922
0 0.5673076923076923 0.203125 0.10336538461538461 0.22596153846153846
0 0.015625 0.3088942307692308 0.03125 0.0985576923076923
0 0.359375 0.27163461538461536 0.0673076923076923 0.10576923076923077
0 0.28365384615384615 0.2860576923076923 0.13221153846153846 0.23076923076923078
0 0.31490384615384615 0.578125 0.14903846153846154 0.25
0 0.7127403846153846 0.09254807692307693 0.19471153846153846 0.18509615384615385