0 0.9170673076923077 0.18629807692307693 0.08413461538461539 0.12259615384615384
0 0.7740384615384616 0.15865384615384615 0.13942307692307693 0.21634615384615385
0 0.9591346153846154 0.2764423076923077 0.08173076923076923 0.20192307692307693
0 0.5372596153846154 0.16466346153846154 0.13942307692307693 0.24519230769230768
0 0.9326923076923077 0.2764423076923077 0.09134615384615384 0.16105769230769232
0 0.8665865384615384 0.2692307692307692 0.13942307692307693 0.21153846153846154
0 0.4206730769230769 0.16105769230769232 0.125 0.23557692307692307
0 0.5901442307692307 0.2127403846153846 0.09134615384615384 0.19230769230769232
0 0.4639423076923077 0.18870192307692307 0.12740384615384615 0.24759615384615385
0 0.6850961538461539 0.2800480769230769 0.07932692307692307 0.11778846153846154
0 0.765625 0.3004807692307692 0.16105769230769232 0.2548076923076923
0 0.7103365384615384 0.6153846153846154 0.1778846153846154 0.2764423076923077
0 0.3088942307692308 0.08173076923076923 0.21875 0.16346153846153846