0 0.7860576923076923 0.12379807692307693 0.052884615384615384 0.09975961538461539
0 0.6550480769230769 0.12980769230769232 0.08413461538461539 0.17908653846153846
0 0.8701923076923077 0.1875 0.0889423076923077 0.1658653846153846
0 0.45072115384615385 0.1875 0.078125 0.20793269230769232
0 0.9242788461538461 0.19110576923076922 0.042067307692307696 0.10096153846153846
0 0.8185096153846154 0.19831730769230768 0.05048076923076923 0.13701923076923078
0 0.7596153846153846 0.20673076923076922 0.08653846153846154 0.17427884615384615
0 0.3485576923076923 0.2091346153846154 0.06610576923076923 0.20072115384615385
0 0.5072115384615384 0.21754807692307693 0.04326923076923077 0.16826923076923078
0 0.390625 0.22355769230769232 0.06490384615384616 0.21394230769230768
0 0.9495192307692307 0.23197115384615385 0.028846153846153848 0.09495192307692307
0 0.6045673076923077 0.25600961538461536 0.04927884615384615 0.09615384615384616
0 0.6790865384615384 0.25721153846153844 0.09495192307692307 0.2127403846153846
0 0.6995192307692307 0.5432692307692307 0.10817307692307693 0.22956730769230768
0 0.22596153846153846 0.11177884615384616 0.15625 0.21995192307692307