0 0.5396634615384616 0.14903846153846154 0.04567307692307692 0.07451923076923077
0 0.859375 0.16466346153846154 0.0625 0.1201923076923077
0 0.7055288461538461 0.19951923076923078 0.057692307692307696 0.1201923076923077
0 0.5132211538461539 0.20673076923076922 0.06490384615384616 0.10336538461538461
0 0.4206730769230769 0.20793269230769232 0.07211538461538461 0.12980769230769232
0 0.4675480769230769 0.21875 0.04326923076923077 0.10096153846153846
0 0.2620192307692308 0.22596153846153846 0.07211538461538461 0.11778846153846154
0 0.17548076923076922 0.22596153846153846 0.06490384615384616 0.10096153846153846
0 0.8786057692307693 0.23798076923076922 0.055288461538461536 0.10096153846153846
0 0.5384615384615384 0.2536057692307692 0.06490384615384616 0.13942307692307693
0 0.026442307692307692 0.25600961538461536 0.04807692307692308 0.125
0 0.84375 0.31971153846153844 0.0889423076923077 0.18990384615384615
0 0.6057692307692307 0.3317307692307692 0.09375 0.16826923076923078
0 0.7391826923076923 0.359375 0.11298076923076923 0.20673076923076922
0 0.9603365384615384 0.42788461538461536 0.07932692307692307 0.25961538461538464
0 0.9182692307692307 0.4338942307692308 0.0673076923076923 0.16346153846153846
0 0.06490384615384616 0.09495192307692307 0.021634615384615384 0.038461538461538464