0 0.5216346153846154 0.15625 0.039663461538461536 0.0673076923076923
0 0.8137019230769231 0.16706730769230768 0.055288461538461536 0.10817307692307693
0 0.6754807692307693 0.20072115384615385 0.051682692307692304 0.109375
0 0.4987980769230769 0.21153846153846154 0.056490384615384616 0.09495192307692307
0 0.41346153846153844 0.21394230769230768 0.06370192307692307 0.11778846153846154
0 0.4567307692307692 0.22355769230769232 0.038461538461538464 0.09134615384615384
0 0.2692307692307692 0.23197115384615385 0.06490384615384616 0.10576923076923077
0 0.18870192307692307 0.234375 0.056490384615384616 0.09254807692307693
0 0.8329326923076923 0.234375 0.04927884615384615 0.09134615384615384
0 0.5216346153846154 0.25240384615384615 0.057692307692307696 0.12620192307692307
0 0.04326923076923077 0.2644230769230769 0.06610576923076923 0.11538461538461539
0 0.8016826923076923 0.3088942307692308 0.07932692307692307 0.171875
0 0.5853365384615384 0.3233173076923077 0.0829326923076923 0.15264423076923078
0 0.7079326923076923 0.3473557692307692 0.09975961538461539 0.18629807692307693
0 0.9362980769230769 0.40625 0.1201923076923077 0.23677884615384615
0 0.8725961538461539 0.41225961538461536 0.05889423076923077 0.14903846153846154
0 0.08653846153846154 0.11538461538461539 0.020432692307692308 0.03485576923076923