0 0.5480769230769231 0.14903846153846154 0.052884615384615384 0.07692307692307693
0 0.25 0.10216346153846154 0.07692307692307693 0.1201923076923077
0 0.38461538461538464 0.16346153846153846 0.07451923076923077 0.1201923076923077
0 0.5612980769230769 0.2091346153846154 0.07692307692307693 0.10576923076923077
0 0.6466346153846154 0.2283653846153846 0.08653846153846154 0.13221153846153846
0 0.6009615384615384 0.22956730769230768 0.057692307692307696 0.0985576923076923
0 0.7884615384615384 0.27524038461538464 0.08653846153846154 0.1201923076923077
0 0.8689903846153846 0.2932692307692308 0.07692307692307693 0.10336538461538461
0 0.21754807692307693 0.16706730769230768 0.0673076923076923 0.10096153846153846
0 0.5300480769230769 0.24759615384615385 0.08173076923076923 0.13942307692307693
0 0.9831730769230769 0.35216346153846156 0.03365384615384615 0.12740384615384615
0 0.234375 0.25 0.11298076923076923 0.18990384615384615
0 0.4495192307692308 0.30528846153846156 0.11538461538461539 0.17067307692307693
0 0.32211538461538464 0.30649038461538464 0.13701923076923078 0.2091346153846154
0 0.08413461538461539 0.31971153846153844 0.15865384615384615 0.25961538461538464
0 0.14182692307692307 0.3401442307692308 0.0889423076923077 0.16346153846153846
0 0.9915865384615384 0.19230769230769232 0.016826923076923076 0.038461538461538464