0 0.4170673076923077 0.5600961538461539 0.09735576923076923 0.1466346153846154
0 0.765625 0.5841346153846154 0.11057692307692307 0.13221153846153846
0 0.5456730769230769 0.6526442307692307 0.09735576923076923 0.16706730769230768
0 0.10817307692307693 0.6790865384615384 0.12860576923076922 0.20432692307692307
0 0.9783653846153846 0.6911057692307693 0.04326923076923077 0.1778846153846154
0 0.20072115384615385 0.6935096153846154 0.08413461538461539 0.10336538461538461
0 0.7800480769230769 0.7007211538461539 0.08774038461538461 0.14543269230769232
0 0.8689903846153846 0.7956730769230769 0.14302884615384615 0.19230769230769232
0 0.34375 0.4206730769230769 0.06370192307692307 0.109375
0 0.5144230769230769 0.46274038461538464 0.06610576923076923 0.1141826923076923
0 0.23918269230769232 0.4699519230769231 0.09975961538461539 0.11778846153846154