0 0.59375 0.5384615384615384 0.125 0.1658653846153846
0 0.25600961538461536 0.6358173076923077 0.13701923076923078 0.15384615384615385
0 0.48677884615384615 0.6574519230769231 0.13221153846153846 0.18509615384615385
0 0.9182692307692307 0.5925480769230769 0.16346153846153846 0.2283653846153846
0 0.07091346153846154 0.7860576923076923 0.07692307692307693 0.18269230769230768
0 0.8341346153846154 0.6262019230769231 0.10576923076923077 0.11778846153846154
0 0.26802884615384615 0.7536057692307693 0.11538461538461539 0.16105769230769232
0 0.19951923076923078 0.8653846153846154 0.18028846153846154 0.21875
0 0.6382211538461539 0.3870192307692308 0.08413461538461539 0.12259615384615384
0 0.47716346153846156 0.4639423076923077 0.0889423076923077 0.12740384615384615
0 0.7512019230769231 0.41346153846153844 0.12259615384615384 0.13701923076923078