0 0.8365384615384616 0.15625 0.039663461538461536 0.0889423076923077
0 0.6286057692307693 0.16105769230769232 0.06971153846153846 0.12139423076923077
0 0.11298076923076923 0.20793269230769232 0.04807692307692308 0.09975961538461539
0 0.6814903846153846 0.21033653846153846 0.036057692307692304 0.0673076923076923
0 0.9567307692307693 0.21394230769230768 0.0733173076923077 0.17067307692307693
0 0.5444711538461539 0.21754807692307693 0.03485576923076923 0.06971153846153846
0 0.018028846153846152 0.24278846153846154 0.036057692307692304 0.125
0 0.45913461538461536 0.27524038461538464 0.04807692307692308 0.09735576923076923
0 0.75 0.3137019230769231 0.09134615384615384 0.17427884615384615
0 0.41466346153846156 0.33774038461538464 0.040865384615384616 0.12379807692307693
0 0.1875 0.34134615384615385 0.07451923076923077 0.17307692307692307
0 0.33533653846153844 0.41586538461538464 0.19230769230769232 0.38100961538461536
0 0.12860576923076922 0.4387019230769231 0.11899038461538461 0.23677884615384615
0 0.6069711538461539 0.4411057692307692 0.12259615384615384 0.24639423076923078
0 0.7620192307692307 0.06610576923076923 0.03245192307692308 0.055288461538461536
0 0.5048076923076923 0.0889423076923077 0.036057692307692304 0.06850961538461539
0 0.7524038461538461 0.12980769230769232 0.03485576923076923 0.06971153846153846
0 0.1875 0.13581730769230768 0.06850961538461539 0.13341346153846154
0 0.28725961538461536 0.13581730769230768 0.07211538461538461 0.09495192307692307