0 0.8990384615384616 0.16706730769230768 0.04567307692307692 0.09615384615384616
0 0.6766826923076923 0.16466346153846154 0.07692307692307693 0.13221153846153846
0 0.12860576923076922 0.19471153846153846 0.055288461538461536 0.10817307692307693
0 0.7307692307692307 0.21875 0.040865384615384616 0.07211538461538461
0 0.9891826923076923 0.23197115384615385 0.021634615384615384 0.18028846153846154
0 0.5865384615384616 0.21995192307692307 0.040865384615384616 0.07692307692307693
0 0.027644230769230768 0.2283653846153846 0.040865384615384616 0.13221153846153846
0 0.49278846153846156 0.2800480769230769 0.055288461538461536 0.10576923076923077
0 0.8004807692307693 0.3317307692307692 0.10336538461538461 0.1875
0 0.44350961538461536 0.34375 0.04807692307692308 0.13221153846153846
0 0.203125 0.3389423076923077 0.08653846153846154 0.1875
0 0.35697115384615385 0.42427884615384615 0.21875 0.4110576923076923
0 0.13701923076923078 0.43990384615384615 0.1346153846153846 0.2548076923076923
0 0.6442307692307693 0.46033653846153844 0.13942307692307693 0.2644230769230769
0 0.8233173076923077 0.06971153846153846 0.036057692307692304 0.06009615384615385
0 0.5480769230769231 0.0829326923076923 0.040865384615384616 0.07451923076923077
0 0.8100961538461539 0.13581730769230768 0.040865384615384616 0.07692307692307693
0 0.21033653846153846 0.1201923076923077 0.07932692307692307 0.14423076923076922
0 0.3161057692307692 0.125 0.07932692307692307 0.10336538461538461