0 0.19831730769230768 0.13221153846153846 0.10817307692307693 0.17548076923076922
0 0.125 0.16466346153846154 0.08653846153846154 0.13221153846153846
0 0.7920673076923077 0.06370192307692307 0.10817307692307693 0.12740384615384615
0 0.6538461538461539 0.08533653846153846 0.11057692307692307 0.17067307692307693
0 0.8665865384615384 0.06971153846153846 0.10817307692307693 0.13942307692307693
0 0.7175480769230769 0.0889423076923077 0.07932692307692307 0.1201923076923077
0 0.7548076923076923 0.08173076923076923 0.040865384615384616 0.07932692307692307
0 0.390625 0.15504807692307693 0.10096153846153846 0.17067307692307693
0 0.4495192307692308 0.15504807692307693 0.10096153846153846 0.1875
0 0.33533653846153844 0.18028846153846154 0.09375 0.14903846153846154
0 0.2644230769230769 0.20432692307692307 0.09615384615384616 0.15865384615384615
0 0.19831730769230768 0.24519230769230768 0.12740384615384615 0.18028846153846154
0 0.5060096153846154 0.19110576923076922 0.07692307692307693 0.14182692307692307
0 0.03125 0.29086538461538464 0.0625 0.20192307692307693
0 0.6177884615384616 0.20793269230769232 0.14903846153846154 0.24759615384615385
0 0.5576923076923077 0.23076923076923078 0.0889423076923077 0.14903846153846154
0 0.35336538461538464 0.453125 0.13701923076923078 0.1971153846153846