0 0.6742788461538461 0.14543269230769232 0.08653846153846154 0.15384615384615385
0 0.7415865384615384 0.17067307692307693 0.06971153846153846 0.11538461538461539
0 0.13822115384615385 0.10096153846153846 0.0889423076923077 0.15384615384615385
0 0.2644230769230769 0.12980769230769232 0.09134615384615384 0.16105769230769232
0 0.07572115384615384 0.11538461538461539 0.08173076923076923 0.15625
0 0.9543269230769231 0.22716346153846154 0.09134615384615384 0.18509615384615385
0 0.21033653846153846 0.13942307692307693 0.06490384615384616 0.10336538461538461
0 0.17668269230769232 0.13581730769230768 0.03125 0.0673076923076923
0 0.5060096153846154 0.17908653846153846 0.07932692307692307 0.14903846153846154
0 0.4519230769230769 0.1814903846153846 0.08173076923076923 0.1658653846153846
0 0.5552884615384616 0.19831730769230768 0.07692307692307693 0.12980769230769232
0 0.6201923076923077 0.21394230769230768 0.07692307692307693 0.13942307692307693
0 0.6826923076923077 0.24639423076923078 0.10336538461538461 0.15625
0 0.4050480769230769 0.21875 0.06009615384615385 0.125
0 0.859375 0.27524038461538464 0.10096153846153846 0.17548076923076922
0 0.30528846153846156 0.23918269230769232 0.11778846153846154 0.21634615384615385
0 0.3605769230769231 0.2548076923076923 0.06971153846153846 0.13221153846153846
0 0.5552884615384616 0.4411057692307692 0.11298076923076923 0.17067307692307693