0 0.359375 0.15144230769230768 0.0673076923076923 0.14182692307692307
0 0.2920673076923077 0.16706730769230768 0.055288461538461536 0.1045673076923077
0 0.8798076923076923 0.17067307692307693 0.06850961538461539 0.140625
0 0.7560096153846154 0.18269230769230768 0.06971153846153846 0.14783653846153846
0 0.9411057692307693 0.19110576923076922 0.06610576923076923 0.14423076923076922
0 0.07572115384615384 0.19471153846153846 0.07451923076923077 0.171875
0 0.8076923076923077 0.19951923076923078 0.051682692307692304 0.09615384615384616
0 0.8389423076923077 0.19951923076923078 0.02283653846153846 0.06490384615384616
0 0.5180288461538461 0.20192307692307693 0.0625 0.13701923076923078
0 0.5697115384615384 0.21153846153846154 0.06009615384615385 0.15384615384615385
0 0.4675480769230769 0.21514423076923078 0.06009615384615385 0.1201923076923077
0 0.40384615384615385 0.22235576923076922 0.05889423076923077 0.12740384615384615
0 0.3401442307692308 0.24639423076923078 0.08413461538461539 0.14302884615384615
0 0.6105769230769231 0.2512019230769231 0.04567307692307692 0.11658653846153846
0 0.16706730769230768 0.25240384615384615 0.078125 0.1622596153846154
0 0.703125 0.28365384615384615 0.09134615384615384 0.20072115384615385
0 0.6490384615384616 0.2932692307692308 0.054086538461538464 0.12139423076923077
0 0.4387019230769231 0.4483173076923077 0.09134615384615384 0.15504807692307693