0 0.10697115384615384 0.20673076923076922 0.052884615384615384 0.0985576923076923
0 0.3269230769230769 0.18509615384615385 0.0889423076923077 0.13701923076923078
0 0.8762019230769231 0.16826923076923078 0.0625 0.11298076923076923
0 0.2776442307692308 0.24278846153846154 0.04567307692307692 0.07451923076923077
0 0.018028846153846152 0.2800480769230769 0.036057692307692304 0.18509615384615385
0 0.421875 0.23317307692307693 0.04567307692307692 0.07932692307692307
0 0.5192307692307693 0.28365384615384615 0.06490384615384616 0.10817307692307693
0 0.21754807692307693 0.36177884615384615 0.11778846153846154 0.19471153846153846
0 0.5745192307692307 0.3449519230769231 0.06009615384615385 0.1346153846153846
0 0.8149038461538461 0.31850961538461536 0.10096153846153846 0.19230769230769232
0 0.6682692307692307 0.41466346153846156 0.25240384615384615 0.4254807692307692
0 0.8894230769230769 0.41346153846153844 0.15625 0.2644230769230769
0 0.38461538461538464 0.47836538461538464 0.16105769230769232 0.27403846153846156
0 0.17427884615384615 0.10336538461538461 0.040865384615384616 0.0625
0 0.44711538461538464 0.09375 0.04567307692307692 0.07692307692307693
0 0.19230769230769232 0.16826923076923078 0.04567307692307692 0.07932692307692307
0 0.7872596153846154 0.10096153846153846 0.0889423076923077 0.14903846153846154
0 0.6838942307692307 0.1141826923076923 0.08653846153846154 0.10817307692307693